1;4000
6040;1575
5336;6266
7710;3717
4696;1326
1662;1330
525;314
6225;6383
6951;9600
4502;3448
918;9660
2215;5866
3992;4164
6128;9222
1901;1356
7772;3697
3644;2861
4663;378
7222;2530
6587;444
6981;644
7605;306
8379;6865
5408;230
9570;8694
8419;8752
5620;883
7574;289
425;5218
4142;8741
3382;9430
7114;5589
2786;8591
3712;7040
5546;2273
4377;1074
3305;6024
9265;1937
8347;6240
6669;6555
8766;3399
5115;4632
1292;9800
9881;1795
1913;4447
1644;3020
8934;9509
9580;1818
515;9937
3837;9165
8862;222
2538;4995
6240;28
6678;4254
3755;3509
2178;8933
2473;5459
2140;7311
7846;1157
3917;1710
2646;5732
4995;6461
656;3204
8874;8504
3210;4965
7168;4054
3346;2395
6926;6138
7827;8561
2864;9400
5534;9486
2587;598
1905;6373
9193;5442
2937;6309
9685;5045
9061;521
9522;8131
8687;6008
3323;8381
3620;8531
9274;9806
3665;2364
75;6887
5755;4944
6415;357
3714;2622
9932;3985
8360;7090
1332;2470
4085;733
5940;5664
7271;3153
3355;9736
3947;422
23;1596
8922;3225
3631;8922
6343;11
5967;4499
2047;6489
6585;177
1419;3382
3037;2773
2532;207
4688;1479
3289;4033
6212;3947
3003;8679
3767;6105
3383;1599
1497;8992
1275;2825
8579;4409
5636;2790
7310;21
4239;3567
875;3708
1357;1135
5408;6420
6310;4665
4678;2549
4151;2453
7331;6958
4022;3184
6010;8163
7716;5470
4837;7906
878;8237
6790;8383
1896;9489
5314;9702
9060;1184
5123;1826
4820;3538
5638;7211
7093;2949
6718;2609
1493;3888
454;1113
5068;6613
4655;8415
1681;9385
3360;455
1529;5945
7228;3173
2444;6485
1964;8912
8618;3051
6091;8158
3172;8416
304;9795
4591;782
9436;7788
3476;5388
4590;7341
5286;8087
7427;8922
6772;5246
756;4328
8677;8962
9611;4924
4936;6505
4798;8557
9079;8158
6552;8316
1849;8155
9372;3225
132;9323
384;8274
6218;3174
2624;8753
8157;3731
1544;1777
6488;5142
7739;6081
9983;270
1379;9701
3233;9890
4181;3996
1846;9845
2880;1623
6849;6581
4092;5504
8473;9867
4252;5659
917;5144
9843;808
3932;6994
2558;2090
4075;9481
1198;6922
8374;8774
7151;2091
5773;8350
3080;6456
7248;7373
5137;5341
3728;8345
7404;621
2100;1039
3580;2802
3465;5885
4964;3981
4558;1469
5687;3459
2773;7629
5846;1006
7600;7744
690;6311
6436;1225
9340;6948
714;1
9659;1402
9093;809
6832;8094
8042;8494
1971;6177
6573;4181
3655;8924
1117;6219
9659;5953
8555;1043
8372;6225
291;5767
9368;9805
7914;4244
459;2683
1458;3552
4148;5632
4598;8433
9890;5011
7171;7110
9805;725
4385;3023
4564;4136
3753;3600
3046;6592
5377;8903
4088;7499
8516;190
1127;9352
7583;790
866;5989
3663;9490
5255;9486
3435;9655
1980;571
6012;5691
2451;7214
9598;2121
7841;6127
4106;9576
3101;2319
2919;6252
6085;2565
6833;3070
3939;9669
5870;5650
1691;5726
157;6490
8673;4268
9333;6279
6792;3125
1051;4159
978;2087
3086;2910
6167;2086
240;6550
7100;5486
6830;4627
6880;274
7854;9621
7776;4514
7120;1286
3046;1201
8600;4512
1720;7870
8046;5359
9207;9718
5538;3256
5373;9815
6011;6064
8278;5045
4078;8682
6177;1827
1470;5195
2564;1375
296;9161
9066;288
2971;6585
8797;8589
162;1371
8429;3991
1353;3584
692;8127
8794;6738
249;7756
4449;1500
4990;1546
1334;9711
1663;940
5158;4389
9458;1808
9538;8557
7660;2140
8217;8125
3839;9842
706;1811
7138;3871
3548;4163
7206;1406
8023;6071
3058;3503
6507;896
7722;1808
3942;3278
3924;9264
7913;2038
3259;8500
682;8176
6293;2573
9181;3932
3875;4108
4471;9077
574;516
436;6206
9598;4923
2612;7632
4809;4741
1941;2692
9526;2389
4989;5750
3696;5557
1700;2008
693;7648
4103;330
2548;2541
4582;9740
7688;1652
251;8985
8444;5432
828;6617
6507;5904
941;2407
3275;1598
4276;9606
8612;1358
6148;1538
5926;8875
3172;5333
3662;5516
3512;224
3317;5060
8905;7753
1917;261
79;6500
2522;7846
531;4471
9764;5474
9689;8182
8709;1500
5425;8642
4368;5958
7607;924
6112;9052
8917;5852
5900;1724
6508;9402
1766;1305
8271;7901
8334;4172
407;4800
4234;6442
8849;7901
2290;3195
5640;4247
2056;6526
2808;3597
5892;2768
502;380
9135;9677
3199;8340
2116;5040
7638;1698
6798;9219
8806;1604
3617;5480
5788;6857
4752;3583
7569;3485
8499;4112
9991;8588
5666;3256
8972;76
3013;377
1849;5393
601;3571
8207;9146
9652;1667
3950;1678
5014;4613
7507;8027
1628;8055
5058;9502
7577;2044
2464;8128
7195;8287
5158;7590
6508;5132
3709;2998
9818;4545
1974;5783
676;769
6792;9329
2629;6039
3054;5590
5177;4769
5615;2843
8186;3962
18;2
3626;4239
7278;3449
6978;2849
4082;8227
1880;7306
8677;6605
677;5870
4448;3530
429;8997
7718;289
8597;4112
3675;4813
5176;4548
4484;9494
8344;2375
6615;5129
8825;3949
228;2663
4138;6526
2037;2767
7624;3995
4517;6975
8770;9952
8515;3093
665;6648
3400;1903
7686;9150
8711;1801
1485;4989
3946;2947
6163;989
8624;2736
4194;553
2992;9969
3058;6691
935;5963
8841;8336
471;7031
7109;63
4025;4235
3263;8266
156;3161
4261;20
790;8531
1131;4413
3186;5956
6990;9943
3828;5825
8433;5751
2209;2432
9118;8905
6133;4755
3099;4738
6505;4048
2068;2312
8867;7343
5017;2518
942;5301
1063;1984
326;7453
6154;2029
4107;7820
2230;8230
2702;9123
3014;2798
3468;4369
4089;8952
5743;462
6150;3734
7928;9666
9403;3308
8898;1250
3973;2679
604;7440
5869;9985
6077;4933
570;4036
7198;5648
6623;2618
9596;8152
9764;8232
7804;4235
4037;7384
2431;3485
139;9338
2505;2398
2781;328
376;3559
8264;9605
3616;4716
636;4445
8199;7204
9834;2226
9909;8110
8020;9062
6410;801
958;6099
693;4006
9724;6562
7733;500
4322;8898
85;2640
4807;3985
4893;3465
7452;7216
4329;8914
3154;9549
3806;8811
2803;5088
7515;1705
9659;6621
8783;1400
1903;4685
3546;1062
9507;195
8855;4159
8274;5447
4712;183
543;3390
6805;7077
6362;469
9712;1608
1197;4040
5022;3559
6200;1413
6486;9517
4935;3877
4770;7293
6029;5741
7702;2577
4737;5383
7980;5282
7606;2556
9250;4219
3541;3822
3163;5238
1425;5843
4597;9791
9170;4510
9545;7962
1576;6395
359;2474
4685;7846
6028;7905
2474;6217
923;2399
7663;7157
4080;7560
2174;1694
2499;5852
4362;6891
6146;3852
9508;4314
9425;4012
7264;1191
3694;7184
4771;236
8103;3110
6954;5399
1492;6321
6173;2484
6388;437
1829;5522
7217;4749
6794;2072
8815;3110
1607;3205
7993;6702
9261;6833
487;9012
3104;6243
7975;3496
7881;9248
4990;1824
9276;7173
3561;3354
447;7067
4186;4546
4978;4993
5350;366
4455;3005
230;8452
5435;7537
8432;774
4948;2305
2669;6856
5898;4549
5130;7216
3716;9460
5966;5637
3447;3992
6778;4119
2089;7873
5312;4910
4447;6642
3646;9892
2033;8760
1070;8779
3599;6490
4616;4080
2788;8070
4698;2568
3089;7003
700;156
2768;2717
1517;9457
2802;5779
9010;7105
8953;9918
8162;928
5073;2634
6283;5461
8500;5913
5074;7945
9960;8661
3551;5978
9793;2878
6885;2269
9507;6304
6077;1576
2670;5288
6040;9835
1989;2976
5136;5745
43;9555
7522;599
9591;3273
756;3065
5640;3200
5015;1763
5520;7313
7029;9997
5104;2368
1369;3807
9017;5244
4063;6622
162;8965
8713;1227
9245;455
3219;2494
8098;1206
6068;2406
1533;6538
4688;2247
1263;3871
4815;5519
1946;5535
9058;9156
3831;7051
4859;9895
8669;7501
6926;7283
5548;4670
6860;4750
1171;3938
3195;5394
4681;6587
8358;9702
630;129
5131;8300
4913;545
4170;3980
7592;3910
5797;3792
3389;2780
3884;3747
5350;929
6956;5830
9668;8557
1825;9447
8;8912
8054;7151
7771;6437
7324;7592
713;6002
378;6960
6086;2562
5664;3902
6029;683
7985;1874
2338;3738
2531;7207
4935;3350
9522;768
3353;615
7338;6041
3412;2045
7518;6707
1842;4750
3269;2322
112;7415
4264;1612
4941;5838
4392;9043
7068;4423
5874;1832
1719;7911
2692;1392
3934;843
8630;5281
9392;5775
388;3202
6729;5100
4225;3310
461;5497
5362;3159
4557;8469
2979;2979
5513;5216
75;7671
284;9192
6658;7877
8892;5065
6808;9818
3647;8538
4979;8181
6992;7507
4586;6299
7772;1355
2411;3090
1368;1863
5627;6780
2579;6145
4369;1322
1423;9322
1683;2573
1046;2212
4409;7823
3877;7230
3113;4042
6811;3905
6515;7354
8745;3930
6039;8664
4095;4515
9089;8124
4068;7966
5442;4155
3409;4849
9746;1139
4097;7918
4553;3568
9036;4027
2506;3409
8185;1675
3378;1793
6751;2545
1491;5708
87;6412
1717;5354
2767;132
7736;8019
9918;3093
4532;9929
7379;3450
8194;8360
3474;1755
7;2512
9281;1173
8565;3123
6165;6386
3154;7607
9031;6482
4024;9620
1263;675
324;9403
2650;9516
4468;3975
4714;8426
2463;4314
8823;4824
3374;45
1220;4925
7471;811
5672;1341
1875;7522
8834;8046
4520;5963
5604;4952
2147;9883
1789;397
5666;592
9176;6157
6727;5361
3781;6270
2635;7466
1476;7892
2833;6582
6441;9717
9098;9431
6996;1046
3324;7054
220;2515
1321;6916
1465;7699
8372;5154
7415;3316
2519;6699
1615;4635
4459;8787
9558;1781
8777;6372
6376;2165
9810;6384
3897;3972
6880;1407
5456;5790
7839;2385
6196;7804
6918;4236
3795;757
2740;7899
9589;9836
4999;7266
2858;2040
3799;9678
1689;7197
3941;4240
2264;4779
7540;3084
4713;931
2275;6851
7699;2729
9307;7216
5823;9558
4429;6035
3618;4753
8385;2845
7417;4127
7434;9855
1691;1888
3249;6341
9607;8564
1998;2376
8484;42
6065;5236
9595;1593
8320;464
8340;5841
8015;3606
5180;9032
9475;7911
9948;5686
9582;7922
2129;7729
7726;8809
7566;534
2363;6544
7627;4965
1628;4574
382;1472
1538;8509
4538;9568
4255;1545
5989;3590
579;9796
3712;3569
5421;8575
6440;8226
2313;7713
4042;5659
3229;6511
7880;6092
2926;6584
2528;250
2818;3997
7210;6338
8030;388
9044;8427
2637;6502
1775;9092
2375;533
3058;9582
1123;7990
541;1504
7315;9402
2020;5009
9113;7144
7752;9847
2636;2859
3647;7263
5855;2567
2524;2703
1837;7367
6831;1562
8964;3860
373;2781
2469;9887
8396;8030
1171;8004
5140;7398
5643;1218
5439;6055
9231;2952
2293;174
1289;5943
5463;4570
2819;2843
7081;8962
8285;4648
9048;4533
3790;1771
3527;7576
1054;6578
2278;2394
8635;5489
2718;1331
6724;3387
8649;5857
9494;2998
1387;8952
9455;7157
2683;5692
1579;2414
4249;5886
1040;8340
9987;9924
7349;8024
6078;6547
9377;1794
968;9162
306;7966
1999;5557
8914;1573
7937;4363
3737;4426
6963;484
9665;7639
7836;825
2284;774
7896;1159
3912;153
5297;4700
6669;2556
4487;3081
2171;9518
3278;802
4442;1752
7099;4953
2552;2833
992;3014
2087;6218
2771;2905
89;9921
1357;1078
6362;8715
2799;6426
5161;4599
2696;54
5195;2459
7863;3544
2588;9348
1912;1241
1011;2586
9179;5311
5522;4058
8865;5846
1835;5455
6658;2108
720;1997
4175;5194
8010;209
7540;6825
4308;8685
5184;3765
4904;9495
1484;2456
9632;1817
7297;3847
4439;8766
593;4131
1306;2921
431;3094
803;6077
5344;8152
2054;3898
2799;8783
8190;6790
9908;3036
1435;4116
6754;5051
930;97
2829;146
8086;6221
3925;1904
8848;6785
1539;3907
9542;1329
9358;7297
3212;143
1695;4181
6270;6761
6913;6050
1121;4443
4799;5818
8998;1984
611;1920
8677;7889
97;2928
949;935
9187;1594
5804;9466
9211;7921
9079;1366
3562;1897
8057;1591
4500;7843
919;4405
9455;4019
3278;2987
4616;3049
6131;9975
9876;1028
3443;8687
3237;5760
4365;6238
4719;7469
4561;6595
9448;8535
3534;3738
7176;2349
9969;2496
748;5200
5095;7403
9210;9270
4881;7959
2170;9271
5449;2058
806;27
2537;8016
7470;7414
5053;9636
228;439
4804;8056
882;7980
9352;8728
5008;9720
2587;1831
400;7148
8126;9649
5898;7160
3891;5000
6080;7727
2362;687
8506;2424
9897;1113
9316;8140
242;3686
9842;8242
1895;9468
1593;1647
6357;9636
9510;6792
4429;6728
3667;8333
750;7438
7761;3553
2505;6738
8673;4905
6877;1497
5136;4929
3212;5442
5120;9831
100;6311
938;8427
4615;317
8257;3879
815;8730
234;6669
7260;6234
783;8565
8799;1033
1648;9051
6148;2177
6387;7576
7903;499
633;7316
3538;5702
2077;8695
2668;3630
5486;3831
5408;4591
7797;6264
983;5691
5801;3878
6958;7577
4284;6736
9380;8738
5608;5723
4972;8575
2666;2340
64;3783
5916;4766
7419;1335
1755;412
1290;5278
3885;558
3127;3919
1531;8421
5174;8565
8358;7974
6887;4917
3780;7234
9556;3473
3975;6329
7842;5835
3366;7660
2999;9710
8603;2732
1508;6539
6124;7807
4545;2226
1301;8459
8278;3198
1827;1294
2308;7202
546;9642
3766;616
3231;8862
7529;1841
4955;6052
8838;3387
4654;8410
3172;3609
1223;4283
9680;2776
6080;1014
8677;7105
6504;4107
761;8735
1249;2945
4969;9212
4961;9301
6036;8988
724;6250
6322;5708
717;6726
6246;9573
3405;2911
8179;4980
1929;9964
2660;3780
2470;140
2531;7029
3207;6279
120;8880
4210;6841
4965;8406
6116;8208
4731;2566
747;3775
9958;6266
9979;3564
4050;3531
107;2473
3551;7184
7711;145
133;3071
9617;435
4981;8916
3904;3931
8282;7156
1121;2648
1380;5747
4905;2061
6845;859
8966;1976
2143;613
3095;4387
5930;9582
4256;3440
2067;9647
106;9878
5370;3962
1347;9953
4862;7311
6206;6680
4801;7900
5043;9519
1136;2795
5565;7104
1203;1611
9497;6465
7449;823
9643;1353
1754;4113
2264;1726
5553;2550
3418;6249
2343;2068
9511;9724
3402;4708
1683;7781
4606;4396
835;1889
2044;7656
5141;8728
6831;4561
4685;9352
4995;5514
8517;5182
6572;4960
7853;9856
9197;4034
5423;8231
5346;318
5017;6413
9155;4370
7197;9605
8244;9507
6807;7762
8365;3427
5445;2576
3822;7704
7378;3155
4627;3928
508;1892
2112;3298
4956;6513
8347;9892
585;9038
1116;6463
1347;7494
5430;5658
8742;1619
4621;8814
8868;9506
8865;9146
7523;8147
6708;6052
5702;7215
5601;2496
3398;2018
771;8022
3122;8571
7825;5767
5772;978
3446;3087
588;8907
227;1844
7784;863
6250;6245
7178;7141
7371;3238
8616;4899
326;2888
336;6617
7766;3916
9545;2348
2113;2630
5410;5643
3728;1852
8464;2809
312;117
1957;5234
8662;441
95;4929
6993;2218
5299;4129
5830;9461
1621;850
8193;3532
4291;3602
5241;8720
5971;149
1858;4614
8795;7117
7740;83
7468;9589
3485;9830
2825;2356
7905;6022
7093;7439
2304;4267
1842;5671
9861;5355
7059;3686
3367;1599
5178;1486
2603;9350
6949;9894
3383;7338
7064;1700
3932;3841
6132;5031
656;4367
2241;2625
4608;5541
9681;6026
1978;183
4621;9490
6817;3190
7533;4363
1824;7757
9991;1071
3564;6730
9096;2494
1710;4427
6221;9457
8076;146
8055;6359
52;5739
6961;2525
4838;6158
4583;2809
5390;3647
7303;9129
6338;3410
4692;3208
8322;988
2380;9567
2153;9337
8952;7020
3;6651
2382;6354
9447;4354
5303;1656
7554;8340
9971;2845
6509;5560
3181;7373
9241;2363
8557;9737
3410;584
8696;8526
4772;2349
2423;2005
6400;4772
3077;4942
8562;1307
2181;1298
5129;7357
9120;9722
6319;3952
1513;1338
4312;4783
2856;2249
7803;8695
3702;6363
3920;1850
176;7701
1106;1228
8906;5154
4517;3838
632;6847
6317;4109
5664;5677
6826;5278
3141;2427
8899;9261
2610;7890
7149;3535
824;890
5662;2800
8866;4746
2713;7865
4701;800
8649;4108
4096;3935
3577;7103
8472;1673
4820;3568
1696;5403
164;1668
9106;9562
1857;5863
1090;2188
8060;8018
473;8152
2962;8264
7624;4605
4149;6249
9735;6678
5984;5825
1017;339
698;3982
8729;8438
4744;7879
5858;5452
6500;2205
5072;6196
2890;2772
117;3881
6663;1249
204;3270
3150;239
161;5433
5159;7539
4105;1581
7325;3328
3225;4842
6727;4302
8905;465
4872;4305
845;6904
7229;1892
6126;2527
445;1436
9210;5251
4076;5885
4766;5339
3222;6071
4913;4785
803;3625
9961;247
3383;1937
7084;323
2415;2379
4456;2113
3594;1063
9374;6487
590;4750
7598;6236
5841;3240
7770;6377
356;9542
9094;1289
6461;8442
2721;9069
2325;8710
7242;9514
4738;4106
6540;8477
7104;3586
3881;8005
2902;1707
9574;8614
971;6020
774;7341
7885;9520
1108;2800
4425;2620
4648;6368
7687;1000
3482;6840
7710;2748
634;4418
7706;679
399;8732
9908;3431
6312;4758
4880;2013
2896;9928
719;6857
1108;5550
9994;4071
8968;5691
6509;8625
8252;7117
999;6497
5300;4588
4742;7394
9037;6802
2709;4655
2099;9669
3393;9121
1597;5208
703;9367
4508;6341
4444;1530
8936;116
9812;8156
6553;4514
3060;6989
3428;6852
21;7421
6131;5031
6559;4453
7527;6416
5144;7442
1990;2929
9760;3644
2894;5142
2127;4645
6196;2572
5826;7116
2689;2187
1332;8020
8051;2197
4197;8394
4240;3637
642;9133
7942;7905
9711;6826
1818;4523
8752;7620
2104;9640
9525;2333
1753;2524
5487;6599
1767;4196
6923;5700
4605;9663
9511;4894
2658;2794
3630;2594
1623;768
6264;5500
3353;3254
4715;1956
5225;9998
1487;2201
3434;9323
2702;1943
5710;9226
8187;8746
4944;2177
9977;9071
8942;4550
7393;7509
3107;1650
1097;8737
2232;9748
5544;7031
4794;7224
9114;7778
8128;7938
3887;386
5708;1317
2486;2222
8368;5252
7700;8747
9774;9913
1718;5921
2693;2810
5724;7103
6691;8072
7294;8190
9769;5770
2640;1512
6150;350
3029;1162
9934;760
9940;9829
9665;8686
1431;9983
1991;5475
3053;295
3521;2776
177;1538
8794;6716
5077;4934
8789;490
1306;9855
8830;5687
9953;7140
6917;8351
7224;8867
3538;1808
454;5392
1831;4643
135;5676
2588;8854
8833;7498
2071;155
3986;9
1842;9708
466;2285
8892;4126
537;7998
1236;8502
3372;8155
8846;5420
3652;980
2292;1453
8930;409
1793;1462
8418;2462
7503;173
1669;1766
7831;9992
4187;8913
6306;3741
8467;2980
9126;1160
3146;2566
4875;8335
20;2982
5100;11
8522;6872
9461;5702
9924;444
1973;1893
9010;7781
5503;4264
9235;1194
130;5828
8540;6519
7239;9146
6837;8388
5281;3393
2975;2014
5038;9911
8494;4859
1898;3137
7846;3636
188;7295
9924;9550
9909;3081
3724;7430
9363;2737
1741;2447
8118;6343
8328;1486
3492;6977
6633;4935
333;7417
6983;8623
8257;6532
1615;4974
2670;9155
5505;7043
5959;9313
713;9029
3023;2982
2145;2133
958;3206
5927;5147
6168;7396
7666;5057
3426;3867
6833;4115
473;2279
5175;6324
8646;558
1666;8101
4707;9059
3799;4983
1566;1281
5240;8693
5904;9274
2809;6610
8846;1022
1556;8752
1773;6566
5304;5756
3126;9382
1451;4998
3628;9646
3037;1023
6733;6388
8139;733
8309;6273
6504;3416
4565;7769
5991;623
76;780
6883;1153
8362;3499
410;1949
5953;192
8935;6589
7113;5874
9161;9241
490;6473
6464;3418
804;5932
7981;1718
8436;4940
4433;4817
7244;9499
5856;5429
6279;1379
4349;5699
4201;6643
7786;4530
6148;2917
2004;4738
1559;834
5412;8596
8040;169
9195;4324
735;6598
8334;5392
8861;712
3489;9124
1085;6946
1498;1009
9242;6425
2684;6399
5507;4379
6485;1785
1623;9728
3013;3759
9994;1747
7049;4923
5573;6260
2741;2497
4336;1762
1782;7217
8816;4044
5223;7185
3724;6441
9226;3810
4957;1661
8043;4692
3463;280
3309;1381
1369;494
7324;8281
1527;3444
9433;2695
3225;8560
8821;4953
6183;3753
4095;1912
2148;5982
9890;6708
8418;8778
3358;2586
459;4635
8941;8878
1376;1801
8056;2748
4499;7012
1473;1199
1553;7955
6060;4012
2996;1832
4290;9791
8962;9329
4473;4090
8963;6456
2004;703
6004;315
7094;4659
6096;8619
2432;8187
7266;6996
5013;8966
3151;2543
9972;3376
4967;6865
677;6109
2276;6958
8572;1519
7300;7653
8288;1393
9782;5071
8400;8433
9366;6576
5886;4680
308;9019
2794;9355
8955;3760
6951;1147
7889;3857
4614;5839
1881;6166
1904;1367
9875;8603
3594;8870
4109;778
2332;126
2187;4397
8786;8862
392;8357
3302;5886
6901;2300
2706;5697
1653;1545
1617;5321
5604;5772
6284;4474
5830;3610
355;9820
4539;5379
6211;5130
9422;6618
2557;3390
9977;5760
8799;6599
9445;331
9403;3863
4822;7392
6936;8674
8048;5599
730;1823
9912;8195
9264;7224
4490;8563
8251;4168
5984;2516
3146;955
1727;4433
4323;1721
4810;7534
5565;348
7318;2146
1605;2800
437;9614
8518;1970
892;3687
1475;7171
4054;5665
8037;3791
2889;4359
1547;7284
8419;7025
8415;9698
1810;2802
5139;6221
361;5931
5754;3853
9700;2035
8052;4257
2303;7085
7435;8061
8089;5324
498;8459
6300;9390
6599;7825
9120;3154
4543;2226
6569;5364
3262;5231
9094;107
9909;4195
8971;8293
6137;9348
4143;2914
3484;8419
8444;9643
1799;7292
285;3500
397;237
7848;1793
261;1628
2555;3277
7011;4746
4201;3604
8590;2261
468;7505
8676;7283
792;8882
6642;3501
9517;990
7605;7855
6128;259
1536;9444
954;8913
8719;3897
3220;3549
9957;3348
4557;9086
3806;8298
5153;96
9893;9160
1636;4415
6864;2100
5444;7172
5911;5865
7980;6861
5956;3784
4143;8955
4565;7808
8984;6693
9454;9556
3170;3128
9050;6678
1691;3321
6994;1551
6856;635
4686;3285
947;6487
8025;3364
6163;8639
9356;9821
9434;9120
3280;4827
7568;9218
5482;5760
3772;5634
7027;444
78;8836
2641;3052
1441;1957
463;8397
6358;6129
2438;8796
5737;6088
9084;9535
6450;8054
9719;6031
8496;462
9391;8272
5054;6917
6738;5828
2802;9918
2795;9786
5854;3354
9375;6343
419;1556
7049;460
8854;2764
7004;6985
1165;5277
8077;952
9223;5270
122;8378
3954;6284
7548;3833
8596;1720
2323;1271
1741;3350
4039;190
2336;782
5744;59
5081;9126
8148;2107
8709;4667
1557;9093
1550;1283
4403;460
8467;3518
9630;2420
734;5788
5319;9909
5809;1007
3949;143
7023;6082
5459;5526
4194;6179
2898;7042
4938;4467
5843;7958
2981;9077
6015;1633
4214;4488
1562;6553
3384;195
1305;6333
4360;5589
7953;2342
4704;6290
9728;1875
937;3840
3168;5317
4326;7602
5951;1664
8269;5030
7515;2895
7452;4007
6981;4217
5812;8899
2404;9004
5044;154
2764;4359
7918;5812
4247;5681
961;2126
5357;6337
9218;9659
1186;1620
1761;650
5784;4526
334;3269
2971;4571
5148;8411
167;9873
1176;5131
6867;7000
5535;1499
9231;2755
1522;8702
4918;6936
7708;7534
7797;5419
1130;8105
434;8414
2058;5503
3358;9653
4088;6495
4055;8422
7366;4853
5329;7867
4652;5885
2230;9780
9614;3873
9101;8239
4272;9722
3469;1845
7796;9911
1459;7098
2057;2006
229;3479
209;6464
6513;4191
3393;9225
6772;5175
7203;4668
3700;9029
3935;3924
5846;9766
8857;9247
1990;8938
8717;1163
9560;3628
8570;1449
6879;2012
8592;1682
2279;2788
6036;3999
9281;609
8729;8045
5904;857
5574;5631
7917;3575
6410;2555
397;8200
8307;5219
9296;7834
7825;8238
4879;4247
9151;8048
1904;2532
6120;6671
7171;7385
2093;9279
3691;1390
5412;8952
2134;9308
9744;2124
4458;1425
7988;8606
1632;3276
5629;794
7254;8710
4435;7697
1505;8171
204;736
5375;4335
8913;9959
3376;2776
4068;1221
4072;6232
4301;7219
1659;7188
4353;7800
8570;5030
4445;7903
8610;781
2758;4685
2492;4604
3230;8919
2784;8630
6220;9583
3304;476
2711;4708
8732;809
3680;6029
3865;1743
5015;9738
8314;1488
4935;748
1702;4691
5259;3250
6450;7223
49;6097
89;8746
5194;7526
6694;6376
288;116
7559;7958
9814;3485
4446;4061
4082;9234
4927;3643
1643;9882
8188;9537
3953;1162
1436;6383
9948;4909
1570;5467
2927;8022
4130;8015
4576;1479
1716;945
1372;2236
7045;6808
6668;9990
1584;2721
7759;236
9336;1455
961;4853
6745;1517
9314;1507
3921;2077
6910;3576
9433;2873
1039;3029
765;8881
8354;9684
5203;4417
4083;1636
1386;1647
3955;3284
66;3978
6933;9345
3701;5705
3140;5538
8444;5469
5403;9180
8801;2562
4757;5859
4790;1930
9904;1554
3764;5851
8196;3097
4247;7670
959;3714
7105;5763
9179;4518
163;3903
6458;7321
5968;7621
4961;8861
8854;4803
6605;1684
6649;2767
6155;2261
4428;3388
5062;2692
2573;2421
4925;8326
9050;9149
7238;9989
6308;7682
1754;6165
6486;1834
9223;7417
4723;1328
5529;2640
9277;8308
3330;4286
8896;9585
4164;7652
2407;1893
8727;7489
2872;4520
5482;3734
8794;6116
8132;7020
7861;242
592;3740
4483;7262
4052;9918
1003;8547
4486;2934
3868;2664
537;188
269;2192
1072;4254
7813;4127
8934;4730
9631;6459
2386;8043
10;8418
8606;7820
1080;2165
4193;37
9435;9215
6105;9184
2601;5788
2721;3904
9248;7447
8764;3193
3714;4872
9736;7115
4994;9436
1192;9231
2669;9375
5700;1439
7443;4742
5651;5771
1904;2128
3229;1854
7946;8142
9778;3187
874;4054
5585;162
6632;2646
7648;2868
7835;2339
7416;2089
6309;2970
2634;2635
4704;2184
7491;9173
7426;1377
3058;1042
1581;5335
5635;9222
1941;300
4104;5559
45;1034
8603;1625
6439;8663
1956;2212
6820;7558
2118;6314
7371;1312
8666;6696
1919;5021
8798;7667
3750;3470
8698;9504
7849;2593
4197;7132
5157;4637
649;124
9015;5799
5690;869
5418;8833
104;7823
2878;2067
1429;1192
4791;619
2119;9071
7010;5195
9088;3115
6026;8792
4293;4148
8619;1880
6636;9765
2139;2176
3921;7949
5669;6003
9859;2982
6265;4426
5189;2561
1165;8803
3854;7867
6422;7255
4898;1618
4748;5629
8223;2589
561;3992
7692;8996
8154;2419
8201;7222
9734;7902
4262;6876
3677;7579
6438;7921
9740;2161
8509;717
7221;7419
2656;5203
4103;921
2135;1176
35;5813
923;7640
3726;3361
7649;5522
5750;1249
6754;4748
1084;5145
3253;3568
1810;6935
8778;5359
9290;4214
5590;5677
6898;2109
2193;260
8903;298
8835;2868
8458;5248
3728;404
7823;87
1097;1568
6923;2301
358;4467
2123;2467
1614;8051
5738;5651
6473;2044
8165;729
4715;90
8792;1932
6755;1278
8866;1174
9032;5880
9348;9394
4461;2204
9455;22
2922;2756
7084;7966
7365;9603
566;3044
9602;750
2341;7679
6067;1650
9038;4826
7944;8532
9177;3629
1905;3152
9256;7083
7432;1763
1336;8119
4191;4654
395;7933
8239;6406
7726;3168
9007;1215
7408;6552
9914;2034
6514;9039
4269;7132
6125;113
4642;2673
9434;6952
8312;5411
5298;2440
3572;5216
409;6642
1695;3262
956;6269
7170;7955
5103;1938
4476;7421
917;3550
3086;4257
477;14
3665;5577
9803;693
7504;8943
5984;2480
8093;2695
7423;8173
8464;7382
469;8986
423;3534
5860;6417
2116;9868
1410;6488
8523;5131
3126;2371
5394;6297
5577;9850
933;5560
3731;3676
1081;8697
2719;1945
3649;7738
9016;9861
3747;1633
6385;3920
7957;9578
2606;2463
7533;3056
8469;8776
1535;4271
8830;8498
9254;598
6596;3952
7553;6999
4466;4189
2804;882
5936;1055
9004;6843
6656;8365
3339;1871
9556;3410
7980;5205
2340;7450
2210;796
3908;4586
2130;4514
7078;6455
6123;2712
8561;3583
3024;3501
3586;2884
6512;7206
1764;4813
3642;7858
2860;2967
7587;3308
5961;3563
4733;7538
3225;2142
4040;5139
9842;97
2243;4506
5168;4190
1899;3337
6045;8059
570;7225
2304;5949
8475;9796
6099;5340
8845;662
1330;7002
9913;5764
6721;8079
9980;3109
6307;6278
7301;5833
4057;956
4713;3601
5141;9959
4821;2862
4979;9448
5362;6231
8594;7616
5919;1372
7036;2200
6530;138
4696;5993
5973;9457
1152;4192
2472;6466
3889;2337
2425;1736
3687;3847
3371;6080
2775;1710
5868;8405
6955;9763
5223;4331
6803;5174
8053;7910
9798;5219
590;1651
4758;8286
5299;3291
2324;1123
9910;1276
396;1795
8280;4732
1403;569
5629;7888
9081;8971
1666;3356
6035;669
3845;3448
9777;6477
9595;3807
4171;9810
728;9029
5234;8187
5454;5651
5117;1023
3406;3930
5745;3885
6938;6148
4089;4604
7566;5858
4294;7234
9877;9417
8054;5667
6500;8465
3472;9951
6794;9548
4432;4793
8798;5042
7001;1592
8681;7692
6775;2425
4445;9644
1217;6856
958;5670
4024;191
1520;9439
4369;4835
7112;1143
2433;4805
8255;4581
4083;7110
5961;1873
1783;2719
7641;4379
5840;4127
1053;9128
9969;6186
4352;1062
7820;1737
3157;2757
2565;3897
6171;4928
9974;2344
9321;2982
6478;1862
4682;7164
7655;7560
4486;6441
9284;2689
2423;9125
2680;1778
4126;6527
8347;3936
6252;9363
7166;8590
8885;559
6331;8692
9130;2196
7986;4451
4700;8818
2194;4058
5074;4105
2204;6512
4374;2996
9279;5683
4474;6744
6344;4030
9085;4101
4593;9028
9533;7863
4835;5276
802;2334
5878;517
2030;3917
5484;4344
9088;4012
5585;4240
8156;668
2340;4789
8261;3038
3335;2374
7625;553
8791;9498
3398;6993
984;9982
6810;8116
6243;8710
6154;361
6888;7360
8111;7297
6242;598
3869;9941
8466;5587
298;6850
6382;1340
7944;9981
4668;3456
7047;2702
2860;4066
9965;7075
2449;6434
3387;8522
5017;8624
6547;7358
3847;826
2306;8300
9726;6563
6372;1040
2767;8804
6229;7228
5979;8245
5407;1824
3078;2466
586;9654
2516;1516
8769;1232
2121;7583
9219;5425
3858;3826
222;397
6225;212
3837;8382
2586;2241
2770;4346
7338;1820
2248;3317
8228;8230
6343;6318
2378;1101
2605;163
5592;6669
1025;2158
9396;3137
3379;6723
7913;960
6831;7322
7161;9076
1292;3714
2650;8677
3484;1532
7260;1986
1938;8421
294;4670
6183;8628
328;7048
319;5750
9035;1016
5832;1645
491;6762
1015;7967
646;5763
4715;5662
4644;4310
220;6913
5419;4843
1079;3455
5650;768
4380;4989
6528;4105
8618;1502
1064;4300
2634;3685
6649;854
9322;6375
1496;2027
2816;964
2202;6828
673;4051
5192;7715
3220;1270
3062;7019
667;7193
7963;951
4863;4464
8090;1247
6629;7936
34;5981
1484;2463
9340;7918
6313;6208
3936;856
6977;4884
281;1864
2246;6139
38;69
2521;7480
5906;681
2806;5590
8807;6333
8102;9643
5063;6490
6006;6341
1424;9668
5669;9783
7858;2522
4454;4977
2827;4469
3657;9862
3505;6453
2483;7011
3806;7704
5079;2867
6438;4886
8904;9290
1243;3920
3942;9523
1073;5920
1379;8207
8095;5214
7196;3029
8045;9188
883;3777
7228;6833
1947;3099
7286;5311
7225;2106
5700;1573
159;3116
5789;9156
9113;1285
8594;8626
5583;6662
412;3824
4742;8270
4010;5068
112;2244
8576;4781
1371;6757
3302;611
9327;7471
2200;6050
4874;8625
3177;8827
9426;6500
2738;2861
2735;3954
8752;472
280;7028
7654;7701
6476;7179
9170;7098
1843;5613
1203;9149
1975;9409
9871;5602
3636;2625
4849;5433
8672;9455
8136;6884
9529;609
5199;7106
1121;8601
984;4278
2567;2352
9775;5771
8876;6661
7041;9918
7037;7439
3501;8251
3188;9361
6474;9698
7528;8591
1235;8138
1476;9580
5597;4
7194;1579
4218;9116
3069;7500
5238;1865
9963;4985
771;6985
2179;7188
4489;701
3895;8620
4112;9798
6589;9667
3922;2324
5440;1880
2630;8018
3030;5000
4881;8359
6810;5818
468;9119
2727;8433
3952;6749
1187;5248
8778;3535
3084;8141
4212;5509
3011;9633
488;1382
3995;4600
7354;387
3053;4086
3940;1857
9747;4145
3292;9605
512;4238
3241;9732
9992;1735
6358;1342
6872;1288
5691;5863
5781;478
9670;2114
8715;6007
9135;1115
9110;7939
1797;6726
9253;2996
4579;5630
6976;1791
2304;2958
779;8980
1943;7845
3413;9830
5290;6645
2774;1430
9286;171
5478;1898
2515;5315
2901;6303
8358;762
1675;3763
219;1055
597;6188
1837;3270
3786;5479
6233;5761
5511;2646
91;9006
5586;9274
6490;4449
5492;9032
7834;8431
4420;4511
2527;4770
1375;2595
3506;1377
4119;9744
4088;3414
8276;7138
6746;7917
236;4427
3428;2561
5625;25
1800;4307
1061;5299
416;2029
672;9836
7222;896
422;4999
42;5306
2687;3445
4713;1434
711;2932
6428;115
7574;3818
2455;5687
7149;948
9947;6677
5139;2322
785;9768
6737;8850
6546;9343
3728;1825
575;1108
7888;7285
885;9753
9469;9383
7146;7468
9206;8052
7374;2187
9834;9808
5093;1925
8393;4368
5739;4276
3760;3888
1851;8219
4765;6127
189;8731
3050;7572
371;3406
1343;7698
3802;4259
2276;887
3746;7205
5001;8289
2232;6328
6921;7892
7142;9970
5653;7435
3330;944
1974;1447
4886;3690
7949;627
1785;7108
5717;9100
3063;2942
1450;2640
391;6114
5921;8860
475;5197
7780;8588
2033;8345
8184;6165
3307;2411
5706;5246
8999;755
8631;5825
1360;8291
7643;7685
8720;665
5713;5229
6197;8184
3544;8752
7535;4072
8314;7608
4056;960
670;1434
6590;9112
9919;6637
8880;4848
198;6652
6463;7850
1037;6177
3314;1601
4155;1514
9624;2065
4637;1432
8032;5929
8650;5578
2330;1176
1801;318
2223;9605
1886;5152
56;3005
7331;6334
614;2153
7918;8181
3058;504
7535;6719
4858;2547
9647;4745
1185;138
4917;2189
9657;8813
7015;732
9522;77
6999;7040
6459;4974
8884;4694
8978;8860
9000;903
90;7230
9573;452
8420;7699
2602;5953
6161;3796
3533;473
7451;2084
5524;5842
9612;5321
4128;7566
1433;857
9137;5162
7245;5278
5012;4928
2856;3413
3839;717
9589;2269
5067;7090
5667;8197
4428;8398
9949;8634
381;6792
1639;8164
181;1944
1008;2293
9248;5334
397;1352
6891;2390
1801;1226
8659;6436
7200;7249
562;9476
455;2515
3271;6144
5082;2114
5010;8816
500;354
314;3839
439;8901
8082;1117
1143;9939
6429;1859
3689;9973
3726;2226
4332;6664
4907;3796
9086;3254
9644;5310
3970;2521
4304;4002
292;4989
2739;8944
5131;4139
1909;3336
825;4776
7098;7403
3625;9347
8046;8696
961;1031
1729;1947
8771;1708
9679;6381
5209;7554
7783;4387
4722;4910
4303;1806
6951;4358
7484;6720
8201;1446
7599;626
9356;8425
9496;3119
2987;2490
820;8804
4166;2556
7950;3084
4022;8380
6390;1645
2445;2968
4866;7012
6471;1634
2702;4369
3922;8826
8185;8009
7599;6895
1571;9223
3989;9338
148;6209
1811;4739
4341;6705
9995;6621
3239;4397
1710;8742
5100;917
907;4957
3428;6231
523;7735
2006;1592
6959;9639
2937;840
3742;7649
169;7843
8380;1054
7245;99
342;9871
2097;1157
4810;2165
3583;7360
6417;5530
4163;7688
9498;63
620;8937
6594;7604
67;2378
4887;4759
1579;2125
1065;5300
4791;9951
8694;860
5511;6049
8610;7582
4999;313
2072;312
3948;4134
8431;5289
4374;8407
3970;6865
2667;9472
6182;3741
4859;1051
8285;5431
785;6892
2021;256
7295;5802
2910;1987
1913;8008
1050;3491
7404;9394
2272;2198
4610;8047
8990;4010
5624;5770
7481;9422
1834;5730
8438;8014
1755;6267
668;5260
1646;14
3568;8625
7894;6980
2628;8307
3879;9967
3619;1655
5640;849
5367;9289
9999;6573
8024;5263
6049;4508
3651;3220
5886;7762
8531;5421
3297;2435
2166;1779
9764;438
6169;1596
5557;3438
7377;1534
5;5811
3416;9576
9037;7024
5708;6205
34;6811
4401;830
3680;9684
2119;3621
54;8877
8518;345
1480;3632
5708;526
7834;7909
5285;7329
914;3044
1420;914
3271;1676
802;5712
3446;5330
9473;6045
3960;3463
8672;3844
592;7478
6598;6810
1496;9248
718;5321
2519;15
5705;1614
737;2203
5364;5337
1651;3615
3062;5431
6754;798
4015;9485
7267;5903
4599;8202
6690;9311
8310;4418
9559;8483
5434;3240
6262;2016
3575;2289
4130;6744
9227;8802
3126;4855
6344;3371
413;7466
6453;8497
1841;872
6298;3795
9974;1775
3212;8694
7638;8198
5462;7788
3196;3491
4663;3582
8752;1890
28;6356
5303;5391
9690;1067
9512;3386
2640;6805
5203;8442
5901;5154
8939;3898
5508;23
3141;1541
6561;2980
2060;507
7186;4938
5621;1791
3564;7173
3686;6254
8383;2059
8577;7860
3033;6682
6855;8032
4640;521
2285;1467
2673;1767
692;8544
6241;5548
3969;4519
2448;1285
4891;1133
8200;5743
6593;1950
2719;2958
560;8768
5683;2119
4818;2804
6404;9781
9650;973
2702;3293
1583;4582
4304;8227
7693;4991
4450;3752
1306;8422
5160;6420
7083;9973
6124;4599
8174;5116
4567;2944
614;5475
3572;8705
491;4536
9336;9434
7513;8061
3643;4674
4578;3484
6404;2641
6693;2291
4565;6530
4178;9520
7899;4109
4442;4893
9222;8559
3868;798
6466;8142
6292;3400
6668;7194
7438;4450
7436;1220
5276;3049
9738;4376
4714;8570
6963;8537
1319;8219
9110;9303
2811;5311
7718;5806
8968;7213
6652;7970
282;5164
6242;7017
3205;1657
3430;2427
5152;4937
8559;1301
5567;4319
212;4162
297;4475
3160;4555
5285;1628
823;8524
2159;9679
2949;4019
2690;9684
1205;9602
1270;1830
250;6437
4597;5049
9532;7471
5553;5795
1495;2988
3900;4111
5234;2223
9891;2119
668;6648
8102;7302
7276;1691
7927;568
3134;134
4006;6968
4550;2291
4583;5150
3933;5113
8303;178
3723;4881
262;3153
7149;5821
6267;251
2410;67
223;3239
5460;2778
3296;3305
7994;9853
5098;145
1461;4736
6521;8613
4980;5065
1025;6009
4873;9555
6217;4041
6208;457
380;881
2223;7135
9221;380
5780;1906
6584;7438
8117;111
9117;845
4072;2624
8957;7463
9691;431
385;4534
7657;7786
6096;112
8350;2514
6248;5136
9504;9501
8758;4509
5395;6137
2465;8682
7311;6534
5725;1722
634;4721
1755;6615
298;5690
8618;3633
5591;7167
6126;2992
7350;4280
4149;8775
5402;3931
6793;7070
1822;5585
4778;7644
6006;475
3942;5113
889;1718
1260;2541
5728;3778
1050;7657
9768;819
3048;9484
2868;59
998;1070
3686;7976
5036;2219
3376;4383
3690;4657
2926;1803
1625;881
5235;5310
7420;7130
8817;1081
1568;334
8643;253
8705;8709
1009;8373
9592;5734
3598;9711
7808;7654
8892;35
3261;5358
8988;1033
9685;2521
2508;4534
6062;3225
9787;4892
2583;3918
807;3484
190;6563
1456;112
9001;2060
7595;2313
5002;5653
3158;5035
6260;8912
8037;9991
9628;6091
3880;6075
6398;6207
1055;9702
708;6003
8070;6629
7617;3120
5472;4913
8731;3260
9886;2013
2010;9905
267;7715
8957;230
7657;8578
6794;6269
1780;8880
5394;6092
2674;7680
8780;5773
3218;1536
8811;9281
8880;7660
4297;63
4324;2868
2262;5067
2599;9504
9304;9199
1554;775
93;5837
3873;4340
6919;6888
1609;4881
8917;4104
3531;3447
2080;1907
3681;3825
1524;782
2579;3928
5576;9492
8268;3237
7216;3774
3015;5720
2174;9007
2890;1320
4525;4401
1675;8099
54;6649
7590;1445
4807;1727
1208;6347
1305;4517
5534;3687
7682;7300
4780;1751
5674;9792
6591;9693
1795;5362
3615;581
2336;360
4234;7818
6876;6061
8963;231
6867;5627
8610;7933
5580;1709
2611;3173
3186;3844
1134;7821
6075;8615
2527;1895
2665;9721
8462;5570
8862;9546
2748;488
5150;8610
6187;4889
3797;4344
9096;1035
9108;6068
5118;2750
5802;8740
4856;5483
639;4064
5484;1267
226;3912
2978;6147
3563;7634
6925;8251
1350;1813
3935;522
5329;8280
4617;3314
9999;3821
825;8555
5953;2873
4373;8978
8743;2739
5824;3054
9728;9386
2093;8673
5662;694
4583;6386
1912;3220
5391;6054
156;7963
7679;9138
5153;419
7771;2542
6774;281
723;8898
2839;6569
8187;2515
5528;4649
7217;9822
9128;2662
1351;8045
9694;6200
770;6155
7876;1719
6631;7613
4545;1153
5771;5367
5184;2457
5898;5704
3020;3394
8117;9061
2799;8796
3168;2707
6788;4725
115;2334
2088;6489
1398;7015
3692;1322
6126;4736
820;660
4276;3768
5048;1435
8094;8509
7475;556
3368;7121
8769;1875
2522;2253
306;279
3465;5480
6805;3326
3031;693
895;6809
1489;1595
7857;7017
5075;3718
4407;9086
6806;1944
8864;7797
1933;333
1284;4466
3291;2313
1212;1154
3569;5713
7606;1310
6012;8981
168;4207
2473;2009
3835;9015
7868;7440
8500;3227
3064;6074
4177;9281
4045;3041
7761;2708
3779;9773
1291;4877
4636;509
3223;3538
3440;1038
3559;4722
8273;1709
924;308
5995;6339
4655;6558
2132;3606
7813;293
241;7728
7642;1002
6157;815
8473;9154
3639;125
8306;3272
1848;9658
4384;881
1797;7001
4973;1376
8484;3148
4222;2047
7754;5142
4531;2043
2106;8813
6151;2873
7642;1633
6869;8202
5137;3765
5605;181
1838;8745
2481;4282
6972;3938
4513;9748
3216;4875
447;8130
8400;6907
470;8109
6572;2222
6525;839
5208;200
6801;6353
5864;4339
3571;8267
8810;9516
7029;938
8330;9246
9030;538
4266;3765
9687;9079
7115;6255
6705;8324
8537;6350
1981;8741
6486;7175
2550;7179
4318;4588
3261;5770
6255;5065
6693;3735
7319;1705
1789;3214
4501;6197
6433;27
7326;8306
768;359
190;3380
7436;4755
5917;2733
2128;1537
9808;1339
2836;2766
6151;2238
9014;7224
4593;7277
2500;6532
2124;9366
496;2482
7479;2316
7157;5942
8702;482
4430;281
1346;1957
4629;5159
4310;5839
6988;9733
2683;6239
7887;7872
2122;3113
9804;1793
7265;2751
7168;4698
7496;8814
8233;7441
6938;8171
863;9038
2016;4485
6680;5914
9123;6479
2414;185
6983;7110
9498;2999
3142;4535
2949;4949
1716;5636
8412;1952
9952;8155
1867;1612
4507;8030
9954;2053
4406;4376
120;2487
6584;5786
8890;2367
1637;8053
3401;3878
1939;5287
6104;726
1661;3470
4970;4725
8359;7949
1928;487
8807;4115
352;7726
7527;3545
8382;86
5071;6289
8622;9225
4535;3639
6315;2957
9003;4717
7513;6652
9666;4540
5909;7821
4218;816
2064;4811
7786;1677
1531;1911
4142;6787
9049;4791
3219;9826
4414;2157
2089;1208
1894;1814
427;6100
9126;1874
8271;4267
3326;777
3374;5104
2326;2995
7847;3321
5475;805
8911;8180
4764;6384
6605;1935
9647;2586
2033;1162
17;5271
3388;8070
512;4790
3370;7530
5929;9347
858;9574
1911;8349
1749;6414
7227;9555
8697;7658
4036;9895
7192;7323
303;6120
5863;1496
4180;8145
2197;6043
3632;4861
979;9644
5810;9517
1641;8607
9794;9311
2478;6412
3165;1771
4187;2742
7594;8697
2590;3871
1137;6961
508;8725
5241;4314
1784;2658
2620;7487
6214;4054
8069;9332
2756;7236
8096;1543
9809;8835
6778;9571
5573;3774
4655;6736
8546;1326
4671;5295
8073;1323
4183;3181
7519;5529
4859;6550
8119;9430
2961;9846
9856;5250
915;7098
6809;7878
7367;451
8347;1556
6954;4468
4247;6702
2950;7700
1386;3013
5611;6190
1980;7142
6562;7132
8544;651
4901;4721
8683;6711
3808;4394
3657;2048
7429;6128
8228;4031
6515;2214
5757;1457
7931;51
1698;1601
7464;5862
713;5386
7627;986
7482;7170
2103;8396
8922;5552
6349;3441
6037;6871
9469;9478
6908;3609
5942;5983
8410;5779
7047;4048
3187;4581
885;1732
144;4067
6793;9643
1227;8404
4645;5338
4653;9409
2042;3661
4887;1486
2704;8968
2668;8814
7536;4340
4152;2721
5762;2358
6863;5530
7294;1765
1548;838
9082;4464
3262;9207
7550;7667
2062;2532
6454;6742
3517;9969
4483;5327
1935;3269
9752;611
4673;9554
8977;3351
4175;5187
7569;4124
5520;5206
3125;9627
1138;9011
8901;5397
1116;4463
5705;4234
7030;9381
353;2829
9609;1513
6363;2608
5694;5531
7847;4656
7941;8289
725;2738
1504;1709
6321;2869
5535;5950
1160;2701
3755;4270
3364;9050
7587;4931
423;7304
7370;4839
5304;2153
2035;4210
7913;5134
5290;1483
6685;772
6830;2972
762;9811
398;2272
6648;4937
6600;316
4481;1709
7324;8180
8158;4976
310;1186
401;8970
6987;4709
8583;7485
4023;9174
9622;9060
9221;4171
2576;935
5356;9381
5709;4694
1344;3027
757;5971
8744;6969
850;386
3007;1210
161;7926
3099;9604
2708;8443
197;2840
4929;1600
5980;4419
1700;5663
3723;241
8222;840
868;2693
916;4552
50;5680
8833;7955
6644;7881
3415;5329
4829;7745
8469;517
883;5183
4119;7525
1974;1764
8196;5574
1054;3302
6038;2449
3638;6192
4994;3816
232;1559
3045;319
8941;9373
1934;8751
6430;8030
3928;8353
1795;3592
7919;8398
7138;6867
4957;8591
692;5830
5499;9567
3184;5471
677;6756
5788;7143
7703;7247
8515;4672
5162;5930
1151;5072
7397;4144
4992;7597
8456;1345
2509;5993
5117;7913
3815;5367
5428;5065
3369;6839
3870;6123
7662;311
6764;1857
4840;8089
1879;1482
162;9840
4323;45
7018;2448
6737;2380
1787;6660
5594;3617
2292;6136
6960;6272
3776;3483
4461;4400
3412;2181
9406;5954
4187;2897
8019;5566
1674;7658
3545;1257
2683;5561
1664;278
3078;9265
6046;1211
3144;2397
7179;1757
2804;4158
1666;4214
5721;8927
1043;3556
860;5465
8920;6234
2421;2432
2698;1336
4258;4379
1493;9604
2829;5093
4986;9930
3561;3263
8892;7432
9073;8779
1500;1987
4160;6665
2294;1171
1625;9646
8061;6979
5129;9657
4087;1388
47;3203
8053;1868
1011;5432
2058;4274
5279;3025
3842;7212
4381;6544
1724;8923
2570;8768
9014;5013
9552;6731
2775;2940
6665;1642
8636;7080
258;2716
8103;6389
3326;8022
7298;5213
6675;7916
6395;6649
3816;4355
7132;6978
9633;2455
1769;9192
1424;9015
557;3379
2365;6416
6432;1842
1653;9297
4964;7211
2647;5726
4828;2540
153;4179
9071;3374
685;2603
253;3158
5015;6053
3183;4950
589;4975
7434;4413
2525;7057
8059;1324
5799;1771
7010;9395
7970;8192
9650;7147
1310;3529
438;5770
5612;1883
9396;3411
8036;202
6254;9196
4419;1144
2338;4448
7187;597
1203;2971
8666;1014
7754;7131
4988;351
2199;1473
4993;434
9551;1061
611;7867
7579;7429
35;5213
6146;1042
2654;116
8661;5537
5225;5269
2050;5619
2030;2716
5045;7497
7858;1787
5894;7980
1616;1222
9657;5977
31;2473
2109;8006
5514;3010
2013;7569
9560;5567
6006;6752
3262;1700
662;7250
9462;5769
4464;7166
6876;8512
8303;9416
5128;7754
6964;7309
1040;7471
5542;3001
757;5427
4193;4890
9322;3892
1771;744
9182;7603
3937;4391
1755;8028
4140;5117
1676;3247
6504;574
1638;8333
8107;5982
6830;1968
4392;4657
1906;1221
5532;7494
132;7906
3434;1958
3926;6748
8800;4296
8316;7693
5138;2279
4061;2145
1947;9547
5106;5647
2466;6840
5870;7585
2263;9825
7453;1856
3764;8026
8271;1130
8351;4431
3849;1329
2063;767
2546;2248
3120;9150
8849;4867
9508;6812
3519;5830
2687;6996
376;4822
9105;5703
2768;1110
4662;985
8922;1413
8533;8731
4219;2413
1796;6473
252;7753
3252;4669
4977;1131
9467;3100
5699;4260
8612;8562
6742;857
7983;8877
6664;5609
3216;7370
5663;77
3177;1459
2411;5901
8239;8753
985;9343
1263;4140
2777;189
9947;1785
5332;2340
6448;6603
9872;3060
5140;882
1986;2752
2257;2979
5393;7402
1733;6745
7010;1361
60;2240
2647;9045
9214;593
6567;265
768;8473
4880;5428
6212;484
2285;3655
8189;1073
4016;8956
4872;1011
24;7056
5004;7385
6410;8220
4305;161
9890;9434
4849;2854
4716;2735
7802;9628
7852;5103
6479;6199
7468;9362
1059;7366
1819;4833
8489;9664
481;1083
1140;3675
7512;8081
5568;6886
6665;1283
8396;4602
1997;744
9764;3411
3368;9215
6065;8960
5232;5373
2735;7400
8830;4808
4793;7736
2466;3238
7465;569
1872;3473
1793;7192
2856;172
417;1895
1397;4083
6862;9437
2137;603
7610;9133
4829;5789
2;6773
9721;6690
577;5676
7074;1828
7849;8583
3054;1975
706;2806
4110;998
8656;2075
4585;1467
2919;9867
7811;9958
8046;647
9220;2571
2173;7407
1103;2010
257;6185
2580;3780
8768;815
5050;550
2123;4061
2947;530
924;4512
1985;7821
9498;2136
2220;156
5614;9214
1265;2160
8363;7553
3754;343
1125;7318
6780;9386
5337;7604
7431;7987
7322;3956
7791;6495
4820;3465
4797;7899
2101;3733
7213;8339
2489;8089
9639;3242
4997;5717
3946;433
7388;2043
1842;2127
1423;1695
8344;3569
7320;3575
4877;7286
3528;5254
2436;8397
4784;1710
9779;8229
6143;1714
8996;636
3169;3655
951;7798
8785;1447
6055;79
5445;305
1670;7536
7209;1646
5976;9057
71;6143
9624;8790
479;4050
669;8522
1340;2311
5341;8946
2028;8689
7074;2424
3905;4161
8862;4730
5696;6180
9490;3537
3694;7051
2508;6972
209;3607
7865;6391
9951;6698
97;3762
8089;1532
3645;5495
5630;2861
5447;1394
7457;2178
7286;9496
5859;7650
5545;5033
7727;1312
4023;4449
6719;2247
6200;3505
2638;8877
7012;1851
9037;8333
559;5121
6627;5907
9425;9621
4452;3007
3321;3968
3006;7771
9621;6669
3449;8479
6012;8557
4925;6274
5986;4236
7616;342
1160;7264
2594;5660
538;9654
828;698
5734;7459
2738;61
2905;706
6596;4932
6689;7751
8772;2423
8781;1234
1308;3427
3976;5260
2665;7449
9449;1170
5581;1998
8864;2319
1964;3608
1488;6650
8461;7349
7922;9542
7970;1729
8253;8380
1687;6332
5526;4647
3530;242
7235;8900
3755;294
229;8969
1422;9591
9906;1944
5998;8314
2846;6065
6819;862
3143;9522
5423;5608
6620;9325
9798;6159
3833;4918
1515;5894
2300;8014
6377;784
774;2246
6749;9009
3504;3646
9053;9735
453;5747
3026;7560
193;1110
322;3589
5819;4480
8765;8910
641;1463
5151;1281
9642;565
3880;1275
4714;5804
887;9841
6569;1664
2361;5229
3847;2139
5566;3619
470;836
4688;4400
5536;9655
8120;8029
6180;9460
4814;1662
2732;7315
6436;5367
7240;1357
8926;9582
952;6192
1757;2734
3728;8808
5727;6446
8487;7449
397;4595
6804;3606
459;1627
7548;385
6250;5030
9044;8822
7385;6592
6696;7461
64;7205
2181;9443
7978;347
7421;5714
3963;101
6353;2543
4520;591
204;6483
2188;5048
7452;163
1352;4384
7933;7846
1536;7094
1686;546
8497;4606
7008;6704
7475;8758
8949;5905
4886;1009
9000;9902
4406;6192
9095;7389
907;7133
8199;6321
1061;313
7737;399
2508;6899
2926;4338
4494;7917
647;5928
1582;7141
936;1587
8664;333
8381;6084
9856;4890
1777;6417
6063;9657
5213;4469
6014;687
1461;2970
3389;5088
8997;4561
8284;1709
7284;4293
4727;4425
1042;1781
7200;1014
3157;399
8206;8248
7606;7403
5789;1677
8299;685
4638;6837
7127;4958
6889;7115
4639;2627
9081;2351
9762;2323
9839;1393
779;1163
8827;1322
8362;5130
1253;5783
2883;5684
3783;4997
2476;9684
7124;395
5315;4030
7714;7557
9479;6030
5965;2132
6407;5437
1347;4776
9434;4363
5222;2795
7196;6806
779;8128
2787;409
5695;3596
3473;9252
7205;1914
2494;7973
1171;4891
4017;4313
6401;3418
4687;9303
3020;2406
341;1754
8979;8652
4476;6429
1963;3757
5822;3367
4857;8720
5987;9157
1746;1543
4556;9691
7941;4344
8247;7867
1949;1809
2788;9061
9487;8582
1001;1789
9645;9165
8278;900
1129;293
7085;5916
2157;2347
5445;7665
1025;3371
433;2219
5608;6514
6647;2373
9139;9302
1340;3326
6526;1071
2443;1107
90;3070
3062;9339
6205;4298
6192;2425
4575;4960
6379;937
54;8583
846;8078
2841;3296
1200;4441
6671;2549
8272;1965
6158;5647
6825;7006
3857;8853
3976;6721
4804;8549
4957;2592
1297;8960
2562;9867
3508;8274
2078;1891
2147;8669
1791;3929
7852;7688
277;1867
8235;693
5580;7441
7586;6741
8134;3074
6119;3065
8803;6246
5355;6625
5777;5422
3721;4674
9241;7011
1798;131
684;5544
9759;1717
4531;7366
498;3261
3368;1436
713;1350
4467;9588
8769;5620
4510;2533
2553;1329
1504;7234
2749;9632
7670;5884
6937;6937
4822;6649
7774;1121
4164;1594
4130;8979
5790;7752
7512;6293
9208;3181
7353;9135
5193;1018
7838;2655
939;1043
5798;1459
5071;80
3922;3924
6405;9663
6031;1322
511;1843
1499;1442
1130;1744
4009;5574
9261;8547
5820;7163
1361;4926
2444;227
9504;8679
4232;5725
581;9247
731;4436
8650;6155
888;5667
4420;6019
7175;2079
8497;9677
4544;2317
524;1279
5737;4718
4603;6693
2941;7396
2529;9481
2033;2227
246;8862
9724;2876
9703;5587
5805;9892
7785;8444
2395;9129
6383;6236
9593;3245
2815;7525
2265;9908
7794;3133
5837;4449
8933;4500
9888;9201
1362;4340
7136;6506
3488;4711
1946;7491
5108;1633
6886;4083
7162;4677
8072;7470
7251;4572
21;2240
2722;1808
8577;1735
3584;4463
6102;6861
816;4030
6567;7513
1760;3883
9452;3061
3141;6236
414;5956
4071;9900
3590;370
5854;2969
5078;6037
2821;1698
9674;5976
8564;9249
3231;5590
4905;5725
1183;9829
6769;3980
9679;4535
4684;4064
9574;7869
8076;2820
5057;7824
6765;4173
8125;2197
5064;9947
7257;8150
2792;654
3703;9459
141;641
1586;955
8827;2238
8676;1238
246;9071
3121;6778
2457;9618
7704;2740
1744;8226
7237;8481
1199;2327
6623;8573
8372;1394
6782;3394
6317;5292
3163;6891
7582;7102
6890;2913
8654;8265
1711;5709
3134;1928
885;4602
5579;3752
6866;7669
4292;8115
3278;4316
644;1653
2984;2042
4476;5377
8313;8414
63;1225
9474;5274
4713;8833
5049;8572
2607;3579
4041;3835
9753;7469
2456;4257
2023;344
8616;5692
7189;48
489;381
3566;6677
5208;9173
2436;7883
5639;202
8766;9269
1384;516
4921;6382
1908;5974
5009;2539
7624;3900
3342;9785
718;2424
9052;8641
1258;239
338;5998
5694;563
6063;9483
4237;3527
9420;956
836;1889
8289;1401
4431;6031
9530;4403
3024;5514
9960;5662
2719;6116
5060;1530
2350;3259
7518;455
557;4986
1699;7363
6250;245
6787;2536
5291;1144
949;3330
5913;1036
1178;9194
2908;3846
8666;7913
5939;3855
7526;3691
468;9344
5473;5803
729;7927
8673;9861
2948;6209
9406;2470
3580;1475
4385;4005
1709;8518
3639;3564
6964;428
4717;4773
4322;8201
4628;1053
4960;347
2416;4174
7988;330
8556;532
1328;6649
3474;5395
1254;7639
6390;6591
9194;631
7424;5582
1280;3075
443;5677
817;1358
1486;4260
6363;1655
7756;8350
8430;5938
5163;530
5954;5426
8181;5360
9619;3244
4389;4749
2894;7814
7493;4447
3213;8588
6826;2808
5089;6154
8401;7283
4185;9425
2419;3717
6360;3689
4801;8474
8509;4595
5812;3626
8693;4826
7115;1031
1469;2163
9707;1971
601;9933
9090;5221
5400;3382
798;7893
8849;8482
8881;225
5319;2822
2360;7601
3251;1808
9792;500
3442;7216
91;5846
6765;9287
8512;1271
6047;8038
338;7161
5629;4209
1209;69
8680;5377
2267;5038
6742;8156
322;3711
8154;3128
8115;9705
2037;5148
7409;2664
2340;8048
8105;7666
2058;9364
9908;7178
1220;7716
9128;8668
3473;2725
2149;2125
5169;4933
8807;8260
7757;1121
3479;9948
8961;8596
9018;6607
756;574
8849;3628
2454;3603
5507;6722
5369;7135
9714;4100
1451;4807
2660;7786
2074;6783
5597;9016
4696;2569
5071;1711
4525;4144
9168;2275
5500;9949
9979;3618
9935;1290
196;6236
8951;4075
7185;9388
6498;429
6211;1028
8206;6718
5560;5955
2539;6761
250;7869
5833;1630
7729;2503
4658;300
8510;5801
8667;8667
7044;3231
4561;7938
3290;3774
7185;7253
3445;4844
6833;9559
9047;2474
2851;4199
7309;4455
2350;4467
1935;2820
9413;3454
2891;6029
4591;6943
5675;539
6644;7780
5452;6062
8540;2202
9098;8732
7480;4939
8687;1651
4435;6543
3224;2858
2050;3384
1545;6605
1076;7988
8225;5027
4566;5037
6045;3782
5913;6192
3125;7038
1555;5159
192;4306
1658;2914
3580;4062
2398;1864
2592;6819
1634;6841
5599;3394
5668;327
7869;2458
8589;9050
5560;5176
7234;9200
4484;3686
4211;7902
9360;4522
8609;9304
9057;7676
9050;4655
6059;6938
6520;7105
3802;7386
5107;3576
3875;1472
7174;8048
6158;6001
5776;2865
8865;8493
1203;7254
2242;2908
403;5149
9158;1521
7756;7639
8205;1856
3158;8858
94;5015
8717;7999
6099;4482
8473;4269
8097;2547
6535;6075
3363;4852
7750;491
3671;2254
1625;4164
7524;3187
4580;2202
6328;9008
7832;7303
211;9446
8196;7416
6842;5192
6929;6559
7090;9910
7380;61
4644;4519
5622;2478
2822;2454
9565;3678
732;5794
1045;6222
2634;8655
2342;5010
8943;6033
3217;8438
4626;3409
7110;8780
934;4867
5439;8392
9390;5211
7088;7448
2722;4622
6108;8417
6065;2777
4428;2230
3146;3015
7927;1204
6414;6158
3635;4171
7094;7859
2978;9980
1034;3019
1045;6565
8840;5700
4646;4113
4297;3240
2563;2505
3363;8805
9868;5181
7118;7511
4411;3851
5974;7400
7677;1043
9167;8077
4090;418
3125;6593
2522;7954
4608;2308
1306;655
9740;9873
3345;3263
7980;2238
1062;7615
915;3619
1881;3728
9315;5766
3666;6503
8356;9520
6171;6992
98;7656
8861;2594
4387;4326
7750;6263
4167;1013
3820;804
8891;8848
3498;724
159;2403
7221;700
7038;602
5627;6725
4599;6269
4138;3258
8135;7041
5777;7289
7237;6816
8963;8132
8472;8765
1700;9975
2731;8025
6100;2739
3500;4626
7514;5633
5285;4965
642;6947
7197;3162
994;3092
5333;2061
3774;9652
8973;7242
3885;7326
9876;6485
109;6030
967;1365
3704;1121
580;7332
6708;6768
1090;3512
8018;2801
6223;3752
5984;3039
9658;5965
4671;5043
8602;7691
7240;3537
9970;2016
3930;2314
3499;9415
4048;2335
5689;7971
1036;6981
810;6472
7217;8878
368;2366
135;6630
434;9271
5547;3881
6978;6814
3053;7623
3025;8920
9132;7438
7785;5384
8915;2445
7213;5507
2405;8119
7436;1945
3062;877
7387;7477
6674;4342
4599;7373
6255;7524
8654;5274
4362;1828
5;1040
7639;752
8058;4913
9690;3403
1254;3504
7441;567
3681;9632
3015;9954
7229;9806
7891;5464
5709;318
8565;3822
7471;5294
3319;809
6080;7832
7780;8417
4369;8385
2934;3767
5802;2936
3010;357
8510;7184
2229;2339
1553;1955
8765;2898
53;9363
1523;8519
5657;8857
274;1971
1465;7230
2587;8148
6049;6906
1558;8594
9473;2383
6849;2462
5310;5558
7757;3957
6599;6884
1146;8905
397;754
8929;5965
5107;350
9504;1237
7156;9293
5050;8538
8724;4882
1914;1458
6218;424
4446;7440
9994;2249
3601;8625
9390;343
378;8945
3605;233
733;2060
8132;7745
3006;112
8542;7558
1072;9014
8228;1107
6467;1971
4424;9309
531;9324
7251;847
3278;9403
9873;7263
9115;2087
3920;2051
815;4002
3263;2037
2227;1908
959;5905
7061;8711
8710;6476
5812;4747
5552;510
5387;5522
2641;2191
6313;5916
3993;4244
558;25
8807;3654
8919;5257
9643;7333
717;9099
2082;6787
87;7038
5792;9790
2559;529
3907;1420
2802;4618
7518;6393
9426;5846
4723;9581
5560;2406
9158;1867
4547;170
1250;3985
8553;164
6484;1931
4155;5355
8963;3668
3021;7185
5190;8362
7705;5211
2614;6171
2263;6390
9786;8770
4912;4111
153;8177
5270;883
9510;4219
1852;2754
7899;9036
6461;8000
353;369
833;7384
7318;4074
7510;8394
4789;308
1281;1250
6245;7106
9715;192
3339;9730
1354;9595
9925;4069
7913;766
4542;7627
2516;1971
9695;2194
9399;1158
2447;8159
1802;8157
9688;1613
3835;692
3233;1865
8985;6474
4391;8838
2622;1818
5044;6880
8397;5795
2411;4008
8711;7729
7656;3317
7602;5026
4313;6330
327;7777
1065;6492
7670;6347
4867;4616
4600;8248
4608;7141
2268;1019
2559;2348
9545;8512
707;9293
5293;9028
1727;9163
5407;5105
9852;8982
9283;6357
5158;3191
8818;8779
5909;9438
9322;6188
7514;1152
5759;2043
3370;935
9672;2812
2425;5618
1790;7259
628;5960
2858;9533
8607;1377
547;7814
5902;2861
3429;4370
2857;5282
3952;7413
4892;3641
1123;9829
277;6532
140;5034
1778;4063
668;5544
4568;6771
7562;5580
7658;6730
7939;5079
3768;1932
6251;8767
3035;303
4696;665
9257;248
9720;1293
3444;518
6638;2181
8411;3324
3474;9822
9828;1178
1994;9153
3724;9698
8613;4821
7760;5762
373;7061
3782;2808
1489;7793
2121;2844
4114;1761
3916;7764
2921;6943
6321;958
6845;8279
6896;3857
2917;8815
7680;1093
6492;2799
6521;2201
9391;5943
3058;7471
2452;9114
9443;439
1857;3049
1346;9780
9173;3331
3096;8916
3567;6835
1909;2514
843;3129
59;5237
8073;6897
596;9603
4448;349
1731;6622
8694;7813
7402;4976
889;8207
6640;1977
1853;4936
2400;2236
6412;6926
1262;8086
7779;8930
9031;9106
9069;4066
3691;6851
4527;6591
6363;4809
7428;8346
3010;2981
3818;7998
4417;1046
1273;8251
9719;4049
9653;2518
9156;9743
6509;9205
5071;7339
3190;8721
6256;3216
9009;5603
9663;382
9864;5729
5235;4936
4616;6495
4140;4607
7209;6051
8064;1548
5039;6202
7360;4018
4383;2434
8852;9303
1865;3662
9871;3305
6846;3772
3703;581
3412;6789
3054;2313
2196;7614
2355;8660
1653;639
6781;6279
5611;9307
5698;1394
8929;664
941;3744
5897;318
5772;6969
6694;4858
8690;6567
5603;760
7348;7400
1003;1061
1760;8944
1189;3688
2693;7928
1973;8237
705;4855
1718;1173
3620;2989
6952;2995
5410;5841
7053;4712
7429;1913
9611;5145
3734;3542
9030;5017
5833;21
9693;8594
8620;3894
1585;8700
8474;3279
644;6344
6548;2407
8324;1914
5136;7176
4853;904
2651;2437
8487;3486
3244;2999
8720;3900
378;869
4808;2570
9768;7146
2296;1162
6034;8117
9233;8366
9113;1669
703;2086
1051;1861
4975;1951
1115;6687
7067;4562
7356;6438
5889;2748
5732;7854
9200;9247
3666;2293
6635;4679
3544;4522
4741;9483
3078;2408
9607;9542
3644;6791
1995;5645
4806;5126
7115;7649
3043;2088
6193;5202
5394;5282
9776;8265
4180;4443
3397;2290
7296;8046
4617;4884
9634;2144
6781;3079
5130;2414
8839;2885
5652;1901
2510;5731
2494;3733
7742;9607
8583;224
4945;6223
4679;7202
7773;9378
829;5141
3406;3841
5123;6739
8179;8542
5401;3947
5211;2627
5981;6144
7238;8022
705;5134
2222;7564
5640;1966
1555;3449
9628;5172
624;6792
8538;9986
9382;5415
9556;3303
6165;3648
5148;9740
1456;4870
2408;10
9579;4812
2463;3980
5319;1214
6286;7333
9429;3350
7846;2499
1605;3118
2859;1684
2078;7949
1583;2236
3263;4611
7059;2336
1037;2122
6013;8063
1203;1482
8220;1244
397;9680
1562;1182
2329;5524
4226;2364
9585;5264
2542;4530
8444;6664
2802;1133
9163;1213
8078;7125
7003;5523
6533;7275
9904;4568
5997;1751
7184;1437
713;6599
9856;495
36;2905
7268;3480
5630;9947
6642;924
3228;4419
1779;4536
7386;9966
4709;9681
2811;8664
9398;944
3855;8852
9750;7913
4508;1760
5085;2772
4882;2753
5039;6089
6542;1703
2419;2245
8317;971
6890;1371
6220;8817
4620;373
5996;645
8980;1632
4458;453
5226;4321
6265;69
7752;9932
6078;4345
1902;551
2143;6315
3633;5718
6246;7539
9372;1279
6744;5319
5289;1548
5890;303
9930;4296
34;5099
6638;6635
1457;6947
2519;8671
3547;5272
8864;981
6857;7946
3851;1399
2146;8520
2143;6411
7949;299
7549;2509
4444;2190
4311;3279
2414;5523
9776;8697
5973;668
6207;4147
374;7215
2344;7996
1712;1719
5910;8221
3607;2571
6765;547
7075;2427
6602;2830
3701;4797
5228;2991
8950;2922
5278;745
2013;5818
6979;6531
911;8553
2036;4621
6775;1196
1073;1199
9180;3658
2169;2349
5197;1680
8991;1374
8461;2613
5788;9619
924;8290
3071;80
9237;6314
2197;8467
9703;364
9265;2107
635;4760
8759;3105
8594;8463
5165;8500
5457;8894
6462;6826
6596;6571
6797;7443
6482;7376
6933;6259
7030;482
149;9092
5643;6448
8101;1779
4531;1803
5917;4381
172;3551
8260;5352
1998;9480
8433;354
2325;7865
743;9607
5368;3266
2266;7047
1778;3428
3940;4421
6539;6037
2465;3472
2308;3010
3885;9810
7324;4380
6922;2744
6845;3389
9137;6415
9765;9363
1827;8866
7514;5213
183;7365
665;1892
3702;247
9748;3095
8092;7819
698;9588
3983;7463
2102;4113
9646;963
934;4580
4623;5312
5835;5383
8663;1758
2144;4141
5704;1704
891;3854
5760;2225
4724;8571
8526;8416
7365;4009
1267;4567
9604;3247
148;1265
4058;1623
8516;892
2980;4255
7869;9723
8231;4242
7248;855
230;9512
4607;8519
3139;1555
9350;990
6856;9800
8678;6277
2476;1313
1650;2027
6817;6617
3919;8708
3305;8975
3006;2979
1092;6269
8666;6421
1592;1716
5406;3297
1831;2108
4540;9860
6939;1
1307;6869
9945;9339
8518;6444
5615;2354
1946;4167
6484;9296
4287;7414
3495;1498
3841;1317
655;2623
1330;4452
3001;2545
3213;7391
9838;3249
2739;8589
650;6374
560;3705
9441;7592
5226;6466
4303;3877
96;1411
2956;5893
7305;1464
1740;9240
1297;6184
5055;5098
4129;9752
4623;2909
2274;1269
3092;5208
9954;3797
4492;7416
7193;2706
4853;3498
1702;8367
9862;1730
2482;2998
2909;3533
9612;6564
6040;2286
9041;2024
8423;8384
3445;5941
1759;1370
182;6487
9756;9966
5220;7223
9230;6010
7539;1673
3742;8908
1967;683
6715;3055
9651;1827
9961;1870
4458;7711
5218;8583
466;7925
876;5717
413;7610
3406;2324
7485;4129
3182;476
3133;2164
7351;248
1763;6725
8218;5477
9062;3009
4194;988
4516;1820
1790;5595
230;9360
1346;4260
7533;597
6265;7015
80;6117
5312;1947
7144;3415
283;4422
3628;4897
6749;5003
3954;6533
3934;4045
5450;3036
852;1855
3079;7767
9757;9448
1477;8089
4685;6453
2106;9852
2417;9510
3052;7872
5533;6640
6502;2797
2398;475
4249;8593
6904;6002
4710;9043
1577;6519
5917;6095
1263;4871
7638;7688
1024;5724
2436;7764
1107;8625
9789;6579
3879;885
9643;5134
2488;3980
1742;3570
8663;7057
4930;9731
7567;6401
6228;710
866;266
2970;7193
5330;4335
2502;7676
3171;4286
3055;7207
2035;8390
6266;3229
7165;4907
6527;9298
5518;6163
4851;5971
1883;3599
5268;7017
9940;5853
9889;8221
7043;4988
4738;5561
97;4329
2202;9263
1316;5073
7523;361
6871;7833
6140;6785
8494;9565
5890;6687
7942;5957
3085;7785
6896;4300
4299;2798
355;2081
6349;2729
9869;2117
5374;1689
4047;5915
2207;9261
7736;3110
5292;8957
7924;6335
4268;4248
4041;7699
7078;6844
2613;5143
927;5444
1445;4391
2772;6979
6462;4952
8126;6576
5117;6688
7954;6870
3916;6833
2136;2126
3983;6020
4601;7679
7851;5893
9599;611
2678;140
746;3324
9975;5465
4557;7637
9549;8888
7924;3439
5903;3051
4687;2526
8569;1736
9879;5240
3996;3693
1466;4805
5508;4031
8507;1828
9578;8944
1514;9341
1218;1344
5514;6980
8619;2079
8810;1409
7367;3857
759;8946
7499;2747
35;5491
2504;5172
771;8320
7943;6682
7754;4092
8775;2485
3403;7494
8741;8685
8662;5353
2158;7525
7111;1759
8343;9499
6637;765
1573;172
5820;4574
4930;9771
2801;6761
4701;9169
2880;2056
3081;6753
7341;6480
881;6852
51;4215
8611;1899
302;492
3927;7290
29;2992
5702;41
1075;7777
220;9774
3467;9620
2918;3287
8827;731
9923;2053
3980;6360
7214;5324
8572;517
1678;236
7101;148
7528;4273
132;1512
3625;4774
1673;8184
2070;4776
9703;6181
6112;4432
4648;8017
5905;2462
6257;4132
3920;2679
2769;7154
7926;6479
7503;1657
8390;3387
7120;9733
8833;8224
2638;551
2274;5276
9012;304
4197;6973
1609;7489
2673;7004
8179;7252
9238;5542
3124;7755
9917;7322
6771;904
4394;1660
6118;9616
2733;7208
5117;3860
3299;3217
1922;8112
2553;3393
7727;3581
7261;8049
6851;9582
2316;5192
518;9784
2850;1419
7438;686
7614;9059
2738;1669
1690;6868
3040;8222
534;7767
9567;2532
4065;8592
3047;8542
9051;3654
3862;1787
430;6014
8420;7825
7311;7809
8038;6955
7440;3710
9772;7026
4672;9654
9547;637
7588;2360
6744;7774
3849;3809
5937;36
4062;8883
5872;8010
1006;3655
7978;9036
4914;6418
6703;8662
3155;3530
1808;5410
3158;7322
8354;5129
716;3946
3601;8169
1876;4844
1270;9888
5584;6758
2712;2605
5950;1642
1390;4984
7549;9695
1797;3070
4525;5803
6448;5722
4441;2160
4862;6013
783;7531
6652;9325
3823;6727
6732;8335
8154;2179
4439;4857
6611;3237
9921;8586
4550;7761
563;3210
5453;4909
7360;1051
8733;7643
6223;8425
3229;8388
1977;5260
5406;1551
3460;4146
9519;2134
6600;5962
8148;568
8558;1502
5393;69
161;1105
1770;4291
5668;7194
9371;9905
8670;7854
8219;797
383;3082
9911;8052
1950;9199
2613;2604
5492;1063
2271;5528
9591;6171
8513;4262
3643;9526
95;1792
2120;3233
4041;9770
4125;174
4582;5896
5847;6855
2939;455
3528;6499
6584;6891
2371;9841
7164;6497
2464;7705
9485;7884
6221;6417
140;7751
3122;4367
3213;666
6609;5653
2250;2042
4844;4606
2240;337
1778;3225
2672;1583
