1;4000
2156;6882
2803;6229
3872;9058
6986;9778
7022;1222
5395;3520
9594;5442
2444;272
5688;6202
9585;6248
8404;2229
6368;5336
7664;4853
765;987
2320;5413
133;8663
1928;126
5478;9027
2550;1983
734;9667
2635;5750
5657;1052
9576;3974
5659;613
4921;8956
4369;7376
6330;8169
5075;8412
7412;8253
5310;7530
2306;5860
4800;6075
527;1912
755;5495
8963;9594
6049;1414
2191;5323
5217;9357
9268;6308
423;2981
5049;7884
4511;6685
6731;8767
1123;5829
1787;2600
2478;9416
1787;9731
3852;2092
7657;4036
74;4535
5874;5747
3402;3963
1820;2807
4062;9338
6052;9994
4386;9073
1591;7259
5037;2581
5530;6092
7101;838
6199;5506
6988;5275
7941;7283
1991;8795
9164;3484
3162;7452
5713;7910
8695;6477
884;7204
5415;9658
5400;6589
8150;6863
5546;9834
6805;485
5321;3013
8728;7929
8946;6815
9649;3922
3346;2780
9882;3372
6341;4637
3753;2813
5199;7170
9284;6005
1910;1469
2067;7216
6118;7286
1920;3891
3952;287
3474;8943
1226;4464
2128;1750
2393;7676
4947;6084
2467;1379
2056;2665
7735;3959
7792;3794
2454;748
2505;7643
3022;2836
5221;127
8084;1055
4651;3056
2942;1170
960;8227
9274;1205
3606;8516
6654;2111
1135;8636
661;8520
7307;203
3454;7200
4157;8038
6628;7005
6700;7207
2871;5636
5828;3204
2500;5275
5703;907
3300;1355
9401;1439
7262;6075
1923;9933
5775;1091
2820;1320
5658;1805
1597;5749
1973;9090
7865;7
12;2954
4743;6395
8067;6623
8422;5929
4629;8868
8990;8430
8520;6981
7621;8115
8131;2761
3073;9609
6415;9110
6050;5979
1567;5385
3454;7339
9441;5541
5786;5836
2661;4265
64;456
3114;2794
7462;2938
9046;7934
9627;4346
5358;4904
92;327
5832;7050
7553;1971
9029;3250
5902;8287
5363;6844
1870;5823
1488;8339
4861;686
9513;7784
5176;8349
2836;1714
6166;6997
7376;3889
3085;894
6893;8640
6399;1288
3694;593
146;3682
1544;4760
6572;1972
5884;6585
6705;1905
7531;2344
2807;8597
8;6532
2698;5420
7313;4334
7854;4479
8542;4094
6839;2128
8083;6818
3198;6455
5294;7162
2192;7558
5550;3127
3961;5548
5322;9716
1588;5687
7581;5187
1336;4844
203;7223
8884;8557
9311;317
9779;3348
1507;4996
4519;4708
3818;4120
8683;7132
7829;1414
6362;8979
4973;2645
761;1545
3224;428
9312;8706
1550;9466
1866;787
7398;270
9644;3863
4213;5859
9472;3631
520;7758
2560;1186
9482;4735
9550;6575
7981;145
3938;4812
7262;1492
4049;8233
2977;8890
9741;8479
1055;7445
3733;1228
7252;2294
9072;6821
2454;4010
3575;398
2859;6396
9351;5802
4006;8302
454;8593
288;6055
4584;4822
7067;3298
5368;3854
810;625
204;5541
3731;8250
4906;4260
3400;1137
473;4958
4447;7500
9181;9245
9076;8413
6891;2771
5426;8359
5978;8656
8012;4005
8624;5588
2425;1219
3320;3350
7283;8399
8403;2988
29;7569
5196;3627
9574;3370
9884;3011
8020;4057
7671;4268
5738;7934
4930;7080
8938;3289
5092;7491
6513;9778
1816;6923
3436;4512
8649;7591
1283;6605
7806;8517
2530;9844
1975;3571
4225;4302
2104;596
8344;4229
1051;8543
677;1342
7631;7771
7458;9770
8120;7195
9109;1336
2630;787
3451;7600
1834;5103
6521;8148
5551;8965
7747;2972
8380;6189
7636;490
9214;2371
366;1713
795;7103
728;5410
2708;3739
4674;8720
6197;9830
5455;2584
2018;2702
2748;1654
3175;6298
521;3829
2846;7356
436;5504
4038;1287
1546;4750
1609;703
3742;6168
9174;2420
1978;7938
3087;2020
609;3742
3238;8532
2404;9628
5696;5673
4716;8657
5379;201
6115;4231
7870;2435
397;6337
8266;8731
1268;3667
1519;834
267;8545
3104;2380
2506;888
1050;8580
9669;2079
395;1112
7383;9531
8914;6596
4538;7980
8650;3679
5442;4102
1171;714
1785;6915
5793;3303
307;7602
9034;8549
3806;8903
474;763
7631;6015
4888;1610
1209;8052
3025;6160
4256;1581
3736;5183
370;5454
8276;3170
6437;9242
3569;1011
4915;5926
4970;2053
7482;3204
632;336
2726;6738
8993;222
7654;3008
8050;7316
2582;9013
150;1648
1698;1042
8809;5370
7026;4942
4717;8910
1827;5885
6557;1491
571;6498
8481;4152
6539;8420
203;6062
4831;3800
7520;7760
8102;121
794;8208
4700;3791
6423;6037
4061;5420
1646;9239
2155;2411
6194;1666
625;2585
5196;9207
6806;5898
6560;3248
8278;4
2574;4127
4789;9414
9908;2711
2472;7305
4340;3892
91;3640
6584;1875
4744;3220
3396;3431
4926;2505
3775;1957
2124;4604
3524;2142
8259;7726
2699;2316
5167;3526
9535;9141
4065;8310
1338;7215
7477;1849
7514;4362
3450;5682
2432;1903
2065;5205
6122;8063
7210;7615
8964;1790
2393;791
2447;3749
7951;6617
1866;1015
8462;5885
8366;2082
3355;937
7159;9201
789;6511
5905;5791
4704;8860
2280;7661
7624;8159
2575;8143
7260;9455
3790;8883
3267;2970
147;9992
1599;5434
1212;5541
7828;313
2858;2967
7514;6290
4226;7860
1281;154
3512;8820
4562;2385
2924;587
7177;1144
8470;7487
5891;3133
3391;3396
3845;7826
4979;8887
4421;4967
3292;977
3454;3891
6843;6016
2990;7231
4734;1628
1776;879
6896;9351
2574;6676
4102;5625
4006;4259
7261;5135
5167;3719
1107;7162
4483;1286
870;2546
438;6131
1768;6151
678;7553
216;7317
7756;8310
2562;8664
4287;1661
1826;1838
7688;6816
5457;7324
4783;9904
7417;4267
9577;5325
6063;5410
3287;5408
5223;1711
4288;4663
9630;985
7103;8603
7465;4995
3739;6090
2107;9826
7762;8484
2438;5075
1308;8495
6002;8444
7943;6536
2197;3617
9721;2670
3263;996
5109;7760
9315;2803
5529;8317
9906;6354
2213;5717
8689;1876
1755;1966
9622;4151
8328;978
2876;492
2845;6458
6082;1062
4553;4928
1925;1394
8488;5156
6169;1133
3039;3314
1197;7457
5443;6564
8873;6436
9498;6456
3131;652
8939;7491
7056;6835
2038;5547
1448;2943
7781;5450
1837;169
1680;6934
8767;1691
9741;3442
1800;6619
2400;8820
1097;4569
6348;2790
1773;3563
1070;7279
5197;1548
8675;2195
8389;9709
112;1011
7277;3997
8221;3669
2163;9781
8260;6742
4005;3408
9494;8509
8308;3564
7246;9699
9318;4828
3401;8988
1023;5583
4782;6047
2989;2492
3031;3909
8472;4219
6680;6737
9446;7728
5950;8708
8177;1536
3468;4640
7812;1664
9600;3243
5076;7618
9348;9423
6639;7768
8906;2961
6933;5703
3849;7037
9321;1772
7688;1586
4364;6904
9032;3274
8654;9009
7992;6002
5182;5802
7589;3272
1527;1711
3928;6497
5301;703
9695;1402
7215;1300
9119;8018
911;4851
8965;8449
5252;3212
9372;625
9171;7375
354;5490
1364;4303
4665;9782
7124;5278
5381;6397
2434;5358
7045;9669
1081;240
2487;3370
3979;3757
3557;5168
1183;6523
2922;2419
6107;3831
5788;691
8382;8791
4981;8204
6453;4950
135;6512
3559;1099
1950;153
1034;9878
5399;5774
1006;873
1624;4265
6540;8435
6805;7822
1001;4144
7733;7525
7;4011
8049;6040
8709;843
6132;4322
4363;2960
5480;846
9116;1439
1118;6812
819;9428
1001;1013
243;8706
9709;3619
1586;634
2818;8986
9361;913
4245;3799
8887;164
5608;8339
9424;5227
6161;5471
8752;9308
4238;4068
5458;2614
6291;1043
552;8967
7606;8851
3128;8024
9535;3440
5782;7197
1733;961
4211;2163
4264;237
2030;9899
3691;1991
6196;3626
9301;5135
643;4717
469;5046
5747;2685
3828;8672
9040;669
9392;6582
8249;525
8080;2596
1172;8555
9173;7540
8165;212
5171;4808
2085;9685
3226;1951
7428;8186
6902;4290
5075;2958
9312;3671
1604;7565
8910;7938
2408;2839
2147;4406
6036;7048
3005;3703
3079;3263
8055;8703
6718;1715
7040;6963
3598;5017
3279;4058
3100;4496
5181;9537
256;6634
37;6813
2574;9617
3912;3257
3876;1331
6945;7002
8850;1804
1645;2507
506;5045
2894;7818
8957;7522
2262;2646
4033;3086
5981;7848
6102;7066
5464;3738
9207;5473
1606;6761
8091;8764
9269;1479
6036;3464
6334;7598
3569;9097
2504;9769
9032;2333
6613;1335
776;5027
7658;1805
7300;7941
3963;1881
6072;7308
6932;9150
3920;7122
730;2174
1935;6085
6844;651
5622;4433
3011;4541
6677;2562
9248;5651
6221;309
9847;985
584;3023
9104;8399
9780;8158
285;1565
5736;4008
1861;3061
2002;434
2420;1531
9201;9926
5802;1270
794;6234
1007;376
1852;6887
7201;6601
9514;5446
2750;8475
7525;9057
8644;2907
8851;7002
870;9471
9746;6314
3371;5924
5828;1260
3051;9069
5757;4498
976;53
902;9071
9370;3412
53;2044
2338;4735
6634;2547
9306;2691
2184;9281
4116;7343
3911;5097
9435;8165
6017;9205
5665;1992
4195;743
5914;3241
210;983
3734;6187
8774;5279
8343;1797
2109;16
2780;9725
8484;4290
4127;9387
9805;808
1264;2760
9905;5591
4921;5521
9562;1475
6780;2450
6466;6104
9272;7657
8368;1138
5355;94
5480;5735
8048;90
3807;4028
2786;3182
4552;3266
1767;3389
6001;6565
8364;9265
3351;1821
1427;2550
8837;6212
3824;1056
9222;3938
6922;4531
203;3396
2889;4690
7616;8777
9668;8334
3477;274
9251;5542
804;6518
8528;3289
4969;2642
3338;8522
864;7480
640;3719
4571;3773
724;2270
5418;6001
1245;632
9314;1472
7535;9145
7075;1619
9128;3626
2083;2145
697;5448
90;2588
6762;8644
200;8154
3375;8770
184;9281
6767;9774
1110;7264
8470;1891
6024;7504
8767;5729
4889;5466
5504;5140
3321;4267
3275;4191
5811;6959
8766;1639
5042;1054
1682;9671
7695;7588
7051;2326
3697;2127
3967;3063
251;522
7857;192
4185;7901
8214;3538
6168;5465
1390;5632
8170;5934
8562;5954
1156;5187
2219;7331
3478;4571
667;9446
1676;5657
8947;5598
4465;6773
6282;5357
7583;8586
4734;7555
1864;4184
1069;5169
9409;7649
4040;6108
3061;3960
2231;1613
2507;2184
3426;7104
6295;3413
5068;8602
2798;4657
6767;1594
4746;9994
71;8172
1321;684
7741;2603
8995;6669
4630;5076
7344;2893
4923;8348
8831;5223
5988;2210
2242;2417
7361;6286
7878;2514
4517;2524
8865;4318
962;4931
7027;7250
8937;5594
3647;5704
8559;2839
5137;7293
7563;9500
1151;7868
8998;6685
7993;56
2191;1202
3307;6194
3097;2837
8994;1008
3731;1048
8041;4157
6842;9347
7542;7854
1164;9597
4547;179
4653;7779
3617;400
7962;7421
4909;8652
8083;6764
9511;8667
2533;1039
4312;8890
7800;1734
2195;4272
1819;656
4563;8333
9201;7710
2301;2636
9644;7869
8150;8760
4512;4583
8186;6033
3906;4000
2564;6824
6726;6802
6073;50
9214;2228
7113;2677
3222;1860
9719;8466
4091;9178
6953;3000
9433;4524
5615;4109
4312;4134
1564;7199
5401;6198
2169;5727
6510;6531
7394;8075
573;1346
3869;3405
8635;4911
6904;755
4697;5380
3889;7572
6363;2984
8733;6161
5152;945
1122;9137
7075;970
6213;7823
3596;1985
112;800
5492;2886
3967;3309
7238;7535
4865;2051
7569;2937
4802;4077
2633;9635
13;2937
1762;6684
1635;21
2314;2286
5310;4100
9246;5138
1679;7517
7135;856
1936;3139
7217;2463
2610;2244
9669;3860
1579;9843
1851;433
2936;577
6508;1521
1786;5317
35;5325
1317;5839
9829;8030
3546;2557
1474;5399
2037;8201
1060;6912
9585;8499
5265;9632
6364;9520
2022;1421
4356;89
7553;873
2035;6903
1364;4374
9191;9411
9357;9088
5576;1284
6687;4336
8598;5418
6177;2837
4692;9805
5161;7574
6179;2288
3481;9683
456;3299
8025;7691
1145;6965
4671;8659
1516;2643
6800;7359
8895;909
633;484
5055;288
1576;9053
1661;3606
2473;3684
1718;5755
4219;4219
7662;7860
1533;7275
4254;6371
1852;2772
9770;9431
3301;3182
2073;7049
8465;7349
7156;6027
4308;4055
6464;5398
4997;9226
5886;3221
3609;4639
3700;943
751;5314
6951;7307
2969;7380
5736;9754
1489;8155
2711;7648
2327;5405
760;8276
2056;3315
5217;3553
9672;8566
8289;2633
3887;1108
2399;3212
6899;693
6062;2211
257;2054
592;4746
5774;8733
8448;8802
4605;7983
4376;1893
599;6928
8586;5100
9809;3207
7211;9385
6670;1708
9002;8832
8738;2672
8833;5539
6148;5450
7917;1330
8958;6492
7904;2116
5427;9777
970;1807
6919;2807
876;3975
612;1563
598;1151
9495;3342
557;3574
204;7290
7781;1512
3215;8613
348;7840
6591;3947
3394;473
4047;2177
2634;7465
457;7113
8877;1099
3070;5849
2304;1152
4695;9406
8469;1644
5911;284
8867;9863
6942;4940
7716;1221
6275;7866
3161;8596
2318;7981
5482;201
6426;7288
7106;5741
498;6445
9203;6654
9987;1758
7505;2545
3686;3408
5590;2603
4880;5235
7339;7728
4624;2299
1525;6388
6785;3613
567;4798
6210;3929
2369;9934
5959;268
8870;2086
6848;6027
7405;2197
2759;7874
1356;8056
8117;8451
4652;2591
9738;914
663;6923
3872;9723
9768;683
646;5791
1467;2114
2371;3068
6275;936
9206;7960
9854;7624
5526;2613
6824;3802
3001;7985
4540;9786
1893;2916
7739;6940
333;945
3418;4515
2491;7475
1558;2863
407;6103
1394;7553
1055;4401
4792;1790
9676;6241
8012;7751
2826;9902
646;1001
9725;8587
5820;5943
8477;2757
8913;4479
4519;1743
2973;4430
2277;5426
7773;9131
7385;5529
6037;4631
6102;9977
4724;6375
565;3157
1480;2932
3376;9485
6371;380
2710;7644
6816;7269
9569;8074
9303;6760
2148;6893
4889;9491
8329;5250
6772;7989
6286;4333
7266;1041
4868;2714
8422;4350
3;4556
5220;1985
694;4294
2771;1693
8369;5850
9281;5947
6290;2183
4692;9790
1563;4042
819;5961
849;5123
2606;7586
2325;4575
1658;8812
659;6721
2623;4127
8799;2228
174;7877
244;4548
9352;6453
8120;384
4872;7021
2861;3192
5605;8257
8598;4278
8906;581
9451;6919
5729;5581
840;5122
1522;6981
7657;121
9789;8353
682;4534
4912;6010
4993;6201
8322;9047
9255;1175
7433;2312
2785;8069
9899;2261
8065;4019
6686;116
9969;5908
6217;1487
9418;9153
8428;6758
8357;372
1943;1886
5048;9542
9786;5019
3468;1887
9049;333
8307;9658
7762;6833
7533;9218
7849;6539
7754;9395
6487;3391
3764;2952
9472;1532
2507;4173
9224;9189
3497;2089
7007;2276
2203;664
3577;57
312;4372
5027;3743
6923;35
894;7707
7717;3547
9734;2198
4924;3133
3332;5835
9525;9206
4443;6006
8542;4523
4572;5325
4490;7370
7642;2742
1107;4791
2646;8589
9341;2496
3337;3891
228;3036
5869;5580
6782;4046
5930;938
5296;3944
5334;6521
7583;3308
4336;9121
9559;6384
9964;8887
8354;8613
2583;7649
9618;2924
2587;8681
9102;9624
6611;7673
7700;2175
8016;8538
7179;3855
9493;1786
4552;8404
6602;7707
6714;1086
9824;1359
3318;5297
9253;1432
5145;3842
481;492
7238;3311
2373;9792
926;4592
7493;7873
6534;2515
3718;8525
9050;2835
1249;320
2324;5342
2639;6877
3447;7745
4764;4328
7917;6161
678;18
7888;4527
6234;4368
353;7083
1010;6068
9490;5153
5605;9262
7514;1925
7698;258
1413;6647
7382;403
8689;2725
8241;1283
3867;2574
4408;8118
8919;5751
5386;7373
5010;5908
9833;4958
9982;6388
6686;2126
5866;3926
7008;7208
3382;4837
2787;2639
5837;8315
9522;8405
3168;7040
7901;4984
7926;6136
6116;1149
8961;7727
8460;4558
5271;9816
7695;6005
2018;5024
8422;1353
3088;6844
6165;8774
9705;8513
2202;2679
2629;2308
7333;9935
6214;5180
8705;8390
6249;9967
2570;2528
9883;139
2446;6135
5193;9997
6500;7291
9973;1575
222;6691
4197;4098
404;6325
8248;1798
4320;1908
9512;1105
3598;9070
3208;8829
5735;299
9438;8776
7485;6902
7341;5441
3373;7829
8997;9931
9534;5121
224;5047
7722;3931
2809;3588
6881;3629
2839;6380
9958;5292
2809;4268
1811;83
956;1349
9972;2442
9882;5140
3823;1812
7929;2999
9286;6701
1029;3159
5521;5292
9752;3002
7343;7504
6161;6866
2042;4462
7740;557
2141;2649
1124;19
6263;1669
6680;7159
8689;6521
6060;6701
4506;7545
8795;4104
1263;3809
696;6099
9965;8581
6391;2190
7940;8768
677;7590
3587;3711
8518;5489
8385;2567
1525;9307
4630;3679
9511;3625
8359;3753
9351;5864
5629;9490
9765;9475
6946;9374
9896;3376
8987;8718
1573;1689
4952;6807
17;2462
4934;978
5410;3958
5464;8820
8221;2385
3062;6343
4489;5445
51;6907
3339;1996
2170;2988
7956;9277
6567;447
2947;5637
5660;2865
5566;8535
7053;1714
5640;4684
2180;6684
9196;1636
6696;9279
3750;7878
3767;2000
9050;1528
7332;4849
5619;6119
6210;689
4902;5623
1469;1078
9024;9877
8853;4597
5223;5860
5303;387
9856;9900
3562;670
9565;833
1708;7335
2656;4356
5104;9330
2026;4385
6666;9582
2106;8110
7638;2403
6167;7589
5133;4977
7087;2263
4560;9379
4228;3524
4797;4817
1385;4645
1424;3304
5989;6768
8717;5810
7671;4410
4168;77
5134;2012
317;5783
3840;6399
7368;7454
3468;8723
6706;681
3313;3450
9749;2543
5832;1253
8815;2881
3412;7294
6680;9082
1084;6319
9305;3374
8401;1219
1880;8282
6975;2272
1746;2851
6290;166
3051;9537
9292;7053
7025;9225
1028;6411
8689;9770
8107;4270
5477;1633
4147;1504
5773;2731
6488;9291
5695;3465
2500;7626
569;2009
9525;9782
3515;9444
1168;4035
7288;4064
4018;7598
7140;4300
3138;6752
1796;65
1683;1434
6885;3093
9875;2166
139;7817
1225;2170
521;5699
9361;7710
4070;7575
7130;5301
7684;517
727;5276
8343;8027
5533;7376
9341;4926
7065;5541
6967;1237
9995;5870
783;2541
521;3853
8172;7841
2573;4386
9112;9789
6289;855
302;6276
8001;7606
8713;6870
4575;3498
3356;2342
1350;2917
686;615
2170;4624
3416;7879
2027;8110
4699;9304
7702;1763
9687;9850
9440;7070
4259;1961
7187;8327
6362;3619
8205;7887
8865;7184
8976;2851
4055;6709
3234;272
9023;9037
9693;4452
8019;1844
7556;1719
2601;53
5281;5168
2880;538
8223;4318
3497;3871
3738;2343
6110;1049
8164;6625
6099;2563
8659;6719
4971;6966
4314;7518
1515;6186
5180;4402
4144;5224
4895;1439
4045;4588
2431;3363
3792;4845
1188;6945
8877;4018
9086;7643
259;177
1646;2978
4480;3577
1126;4918
4147;4936
8704;9776
5668;9047
3417;5597
2993;5832
1140;3818
5825;4131
9185;4112
8274;7068
7330;8749
9241;1663
4014;5565
8960;9508
7258;6668
7070;9801
3458;3395
6356;786
3624;6712
2857;759
5859;6231
7441;5173
4910;347
6125;2119
4495;4595
6447;4460
5748;5272
4999;3244
5634;616
6893;3671
2445;2363
1337;1854
1618;6426
8809;7881
4019;2555
4346;8288
564;9391
8369;8931
1596;3093
1169;7493
6789;4854
9667;3333
1511;5055
5405;1291
8558;9541
853;5148
9977;6564
7048;5947
2263;1308
9372;134
9676;8599
9820;2583
4625;3377
3508;9943
1102;2835
4370;489
7030;3744
9986;7664
4028;3400
8330;5844
8590;2902
9839;8500
6952;6987
6675;915
7047;5563
7276;1861
4845;8220
8405;1253
9098;4528
8772;3677
8086;9701
7983;930
4265;7377
2118;198
7920;8632
2537;8366
8900;9144
7641;7097
6281;4452
8292;7766
9430;6631
6330;136
355;4381
2198;3722
6438;2539
2098;6212
4714;6297
7250;9017
3691;70
7898;6050
6384;854
2462;8164
8710;1170
7927;2346
689;7264
977;1716
3983;4068
637;9641
8239;9642
2290;8903
429;8289
9783;4716
5894;3347
7059;8619
7206;7794
3247;8810
7064;3212
5482;1298
4471;5415
1834;5423
9205;8099
2710;6734
8193;4245
2802;23
8849;8673
7289;5363
8613;4160
5325;426
7024;7826
1087;3064
6466;4118
7635;9145
423;5651
1694;2005
3553;3413
8053;1494
6159;3389
778;2582
6776;7543
4651;5748
474;3260
4351;3985
7227;6860
756;4125
4239;3595
3452;3431
8443;8659
6044;5904
609;1177
6193;6607
416;5875
5418;6452
2674;5206
4670;4354
8476;8051
437;8449
1462;9817
2701;3136
8631;2745
484;4119
7150;4535
2866;9342
3483;8029
3428;9723
8826;4614
3841;9935
5301;9258
7993;6138
662;5650
1483;4520
5375;5765
2558;1787
4839;9395
9659;6337
1239;5640
7626;6719
4091;181
9284;2249
5857;9280
1682;9123
9200;3867
6548;4238
5404;4839
2662;8076
9315;3727
3817;7464
4703;1281
9768;8799
5427;193
9168;2422
1952;7166
2853;9217
9863;3860
3052;1230
6827;5853
9099;9120
7152;3680
3045;603
8566;284
9215;5698
4104;4741
178;6530
3138;2998
7891;1752
9462;2564
2817;8208
1091;9555
5723;5366
5979;3324
6562;1276
191;6028
2334;2323
266;1897
1159;2871
9446;3726
2935;5071
8269;2174
7879;3555
3618;6811
3032;4501
6717;6532
3364;3663
9828;979
8518;3357
3405;3881
8399;4086
351;3865
871;2543
1657;8218
2590;4049
8207;330
9690;4129
6815;2074
8440;918
4643;8308
7291;7336
5116;1792
770;9567
113;3370
2585;6299
7808;4039
9990;1352
2862;2656
3980;892
5840;5466
186;5233
1700;1371
3517;4401
3004;9937
5486;6078
2087;7473
6975;4341
7859;229
712;7681
7114;2738
7172;5196
7296;3629
4761;556
7490;872
184;4386
7100;3339
7715;7018
7140;5807
6709;5237
7354;93
5152;8611
3502;5874
3314;3245
3035;922
5621;3414
4141;2002
769;4427
2667;4451
9779;3260
3773;607
9221;7056
364;4673
2148;3416
8291;4343
2409;540
9127;7592
8979;9760
4921;6369
5669;7775
5746;7656
8199;986
84;6303
4941;9725
149;3400
9909;5892
9071;8530
6506;3540
4563;4205
8424;8272
4148;6015
9691;7990
328;2585
9316;4465
173;5298
7250;2512
2723;8931
7445;1097
9337;834
668;8652
6645;8107
4461;3045
9127;9328
95;5197
8507;9826
6737;4181
117;7251
1151;777
2197;7214
7221;5915
2681;7183
3324;241
9448;472
7185;1089
4238;1156
7185;3582
7480;5069
6341;3261
1125;1655
146;8704
9255;6348
2300;3903
1699;3452
2996;1827
4203;4992
2861;2580
9775;1923
1932;1808
9771;241
7095;7619
9996;6024
3317;7175
6642;287
3702;7324
9241;6580
884;7163
2977;1757
7630;4278
667;3059
7629;532
5537;2690
8413;7758
9493;4493
7099;8471
8028;5940
6223;1816
2121;2710
1318;362
9526;2400
4093;9055
2705;8533
5064;3703
8332;5979
7317;2645
3755;4127
8740;1978
9112;4724
3463;1613
9895;7141
4549;6755
3665;5030
9019;6956
6362;4822
3209;2814
8181;8319
1113;8598
6354;8754
931;7582
2330;2133
5302;5754
3831;3398
8891;8671
8048;34
2907;5717
861;4083
9916;5805
8351;7233
3861;8619
1130;2627
9616;5932
9051;1361
3556;8212
3691;1238
1686;2795
8706;299
4652;1187
3585;7873
9605;4769
4674;1474
7351;90
8406;8706
9458;7238
5602;9547
4076;7364
2439;5876
1108;8314
3221;1887
7065;565
2442;1183
7449;9172
8786;3769
9837;1268
1709;8882
3956;2810
2018;7695
6013;2742
1480;3257
3270;7501
2898;3753
1466;3889
1329;9125
2033;3742
9162;433
8282;9520
2609;5939
9718;5987
4858;7814
1501;9485
1578;8660
1654;2940
7803;7528
2121;1716
1278;1049
996;2718
6301;6424
2338;6698
3804;9553
6860;1658
7971;3349
1498;3431
7032;8452
8337;8055
6040;941
3742;9401
2431;9415
6632;4638
939;6871
816;9624
3046;1150
45;6050
7577;1439
6025;2269
3260;7292
9012;140
1121;929
7803;931
4440;3215
954;4344
6649;8649
3885;6075
3055;4906
7140;953
520;8075
9551;693
387;5587
6298;7544
3814;4988
5913;7718
5419;8244
2207;1384
701;8047
6737;9225
5011;4713
4989;9071
7074;9697
4759;9972
7964;4508
8324;5223
7316;1825
990;303
2070;9041
7325;6488
9540;3083
2967;5966
5759;9403
4296;9680
2159;7297
440;4879
8431;8369
2093;5308
7137;4856
9470;3385
6082;9790
7322;309
7767;1526
8412;7028
1333;1041
8099;6266
1342;1571
1754;3404
9446;6680
3599;1893
9552;4619
302;7112
4443;3995
5111;1086
1970;8173
8678;9346
1925;3586
846;323
480;191
3606;7179
7693;666
9206;1708
4989;8639
8970;62
3765;5224
7743;439
3285;7441
6115;3586
5912;1736
7547;8001
382;729
373;3047
9283;1566
5275;4857
5220;9821
7278;1845
1249;3740
7558;8947
5046;9828
4467;2271
3055;2245
5003;8765
355;5311
7722;8701
4376;520
5526;2311
5726;6900
2148;5751
7397;6309
9238;5707
4405;3293
1946;6431
9493;2531
9609;7771
6995;5539
4775;7832
6134;2333
8137;9327
7100;3031
9167;4379
8106;9001
2258;8545
9268;3117
5978;1211
9649;3875
8705;6107
7099;8744
7343;2703
6613;7943
7062;6477
1856;1045
9130;3679
6238;5286
723;4069
4437;6292
5347;3362
2660;9012
4997;5607
6061;9123
5491;4587
4737;2876
4574;2457
5512;6454
8317;3324
5302;4222
5090;9222
3305;9000
7999;6048
3449;6427
6000;7400
5612;9811
1161;4998
3942;1508
4508;5374
3307;1735
5747;3858
357;6053
2759;8546
3984;8234
5230;8900
1063;6144
3042;5882
7290;4452
4104;3143
9626;9428
8205;1675
6438;7964
3160;3537
3755;5013
7028;3806
1233;1106
5513;3741
9390;4343
6777;2288
489;9308
6862;7521
9018;8721
7659;4400
4157;2346
5948;300
5838;1635
6408;5172
8044;7920
3699;8915
7864;6571
8731;4542
6456;9479
2036;2108
8577;3453
2838;4945
623;2699
5807;6796
3210;9389
8786;5641
3262;7539
3842;7652
2294;1886
854;2571
2119;5277
7589;51
6547;5191
2686;5014
7852;2452
8320;8899
9704;2933
7431;2858
4100;6114
6375;8400
8414;2714
7586;749
94;7309
8427;301
780;834
1798;7930
8651;2196
1241;638
7652;7793
8327;5040
4928;2735
2901;7539
3284;7747
7411;1675
3748;1328
4994;5114
4444;7585
7250;996
5894;6363
1704;976
9581;3775
844;169
6179;8038
4322;7429
2157;7657
3409;7933
8689;6410
2125;8855
4739;2348
2591;3080
7000;6070
3108;363
2956;6910
6214;137
9772;4350
555;5206
923;5959
4784;1043
4530;2494
3906;1032
2224;5370
8476;4104
5006;1693
4918;7493
3078;7246
826;4019
9889;8404
2581;262
6757;9817
3870;9263
3331;5866
2771;8981
896;426
1934;5623
67;1226
1118;9201
1758;2274
3819;7166
490;191
66;831
2082;8084
5602;8434
3543;3621
3591;8151
1611;6347
8778;4159
7780;2969
5576;8921
1893;8315
971;5276
3432;3996
293;2626
9458;6411
8944;2534
854;663
5988;396
3985;7209
6123;1485
3180;3615
5037;1641
546;4655
9378;5149
3555;184
6654;4940
7535;1697
2275;3140
9791;5306
619;3223
4382;973
4533;8533
1789;5279
3013;5781
5657;7743
9903;6282
9599;8776
7437;2152
661;707
7208;9458
2442;2017
7673;5414
108;8890
1763;2104
1576;7526
291;4927
3997;5246
6905;9999
2330;8381
8156;1061
7281;156
7847;3115
3178;2367
8326;6957
2431;473
2610;6060
2192;2960
310;4847
491;2285
7229;5289
3732;6536
3161;6983
4738;8062
4980;4383
722;7742
2388;3709
3541;1341
1846;1179
364;7417
161;3720
1516;4630
2949;3033
3640;7
4779;4033
590;8667
7180;9022
1460;9858
7889;9734
5066;3740
9744;356
2797;8325
419;6011
7297;6182
4859;2805
2672;6098
716;7537
3065;5754
3321;7415
328;7657
853;2728
8267;2039
2175;8319
460;7287
9591;2916
1021;540
6209;8908
2836;8547
2968;8981
5773;1629
3506;185
8174;1615
5987;481
8525;8024
9771;7553
620;5430
1390;4812
4777;8940
8665;4859
9676;4033
3993;6447
4283;1604
7877;6958
6940;9031
1541;8781
9234;3268
3151;4607
5498;2588
5590;3637
4947;9410
4999;7961
2323;7871
8363;5956
4691;6273
5326;7467
6541;6349
4077;3717
2725;8410
3704;3452
8903;3872
5706;5634
2169;4396
5494;8177
317;9939
664;1650
6791;6379
6580;6668
9806;7065
1379;3788
8337;1622
1903;5090
4720;9670
9235;7383
3473;6712
7560;7969
8574;4396
2866;5240
6974;7592
8657;8052
4348;6274
4267;9759
236;1088
7672;5080
3620;7642
8707;560
6724;6077
542;2274
4354;9245
6918;7654
8457;4992
195;1825
2733;5418
539;2693
132;8789
9769;3165
6844;7771
4279;3342
9982;1080
232;324
2614;4292
805;8312
8979;9558
9630;7148
4806;3276
6787;3087
2476;5406
3700;1675
8456;4002
1127;8897
896;3847
62;3455
8587;8562
8804;9959
8562;1487
727;108
8558;1770
6342;6541
2276;8632
136;1896
9901;8548
7362;3877
3747;7232
8471;5618
8986;721
9200;9481
2468;7622
2451;1599
8383;7618
4067;3886
8143;9719
8347;72
3262;7406
728;2362
4267;6840
4445;5739
5676;8565
5173;7646
6966;2816
2671;1798
2102;3419
1262;6216
5685;5545
1623;7232
2060;8137
4816;3163
4837;2668
5719;3642
8190;6121
7134;3181
8017;7518
7696;414
620;4187
6412;7735
8863;6020
4194;9511
986;3466
8034;932
5195;7689
6631;3686
3954;9424
7223;9132
5508;6404
2118;4385
6584;7927
23;1854
9431;9119
1623;8150
8417;6762
1082;3997
6259;3169
5126;2807
7596;4522
9224;1929
8145;5340
5974;7210
910;1278
4284;8478
7073;8369
9183;857
8085;7946
1169;4358
7190;3034
890;2151
3196;3763
9645;6085
6622;6498
8709;6591
8532;3797
808;2902
5358;75
5190;8702
8774;880
3718;7771
8316;2078
9126;3965
5845;8913
8188;9956
5180;3916
1930;9567
7270;6922
2179;9245
1125;100
8806;5232
3405;5805
4797;4348
5015;5330
6941;7938
1386;2172
8370;506
4188;4314
5448;6814
6152;6191
5562;3860
7424;2502
4282;6982
1380;2863
20;2606
203;8374
1859;3659
5709;8632
1523;7486
8839;473
3604;301
2078;7744
9110;6643
2619;4827
6151;7063
547;5275
8162;2401
5515;935
4431;8383
7442;6240
9920;9973
1606;6968
1357;974
6187;2689
4404;674
776;7377
2355;6007
7661;3221
231;4653
3821;8530
9451;1777
443;1808
7276;692
8546;585
2143;5646
3791;5368
692;3113
959;6234
4794;6546
8703;1975
7229;8324
8173;9491
2760;1833
4927;4144
7353;6051
2097;194
1988;4782
4247;4087
9132;2797
5541;2375
9306;1511
2922;363
2363;7553
4820;7167
3138;8621
8609;7837
3924;2316
5466;3416
6863;5351
9637;5360
7824;2445
146;1653
9544;6520
6973;8071
5927;4394
391;9598
1265;5060
1737;3770
7824;866
6232;9857
2788;5423
3614;5228
834;5919
357;2970
1771;1651
8020;2899
3616;5072
5871;1491
253;6399
2368;4898
9349;7943
9279;3245
661;9699
4289;3703
6980;3463
2783;4435
40;8758
7155;1468
1499;201
2496;5768
4743;2572
763;8366
6730;6840
1684;7247
313;7648
7527;885
6604;351
619;9821
3771;3632
7025;9480
3401;1885
7161;4523
8048;118
4266;7503
3922;2948
4665;2290
782;8428
9509;5824
7091;6871
6314;111
2202;4670
13;47
8941;3138
7481;1674
9342;2843
6530;9752
3471;4594
212;3175
6290;9281
9943;1666
352;82
6456;7454
2715;2240
5848;1175
2955;7539
9114;2115
5387;2899
7475;9100
2676;5104
2526;9810
9932;6571
9773;3145
8040;263
6497;1331
2528;5421
20;5935
9557;9572
458;4689
3788;6464
2811;4049
3805;4013
6865;5841
9540;1147
9771;4974
2721;7495
5438;9223
5745;5293
6848;1390
6575;8567
2346;8758
7272;706
4533;4695
1598;7857
933;2506
2751;2217
8868;2187
5752;6298
3085;6608
250;6464
3584;4823
8606;1668
2854;6711
974;1200
6221;4959
3806;3475
6417;7505
741;6405
3590;5995
5105;8753
5000;3571
1446;1007
4418;8327
9436;3776
9837;7177
7235;1488
9541;8533
3006;9256
796;1201
2631;1174
2474;1201
8883;9041
2753;7842
2331;1488
5741;5311
7053;4877
6318;6278
4894;8961
785;9586
426;2245
2032;4941
5055;4299
1831;3732
2765;4837
9606;6571
1893;2271
6547;4974
7021;7695
6335;6713
2572;3732
8849;1802
5039;1560
1267;8821
3885;3556
1712;9349
2122;3462
4237;1631
6328;773
331;3303
2424;1098
1370;6973
7936;9694
8484;1783
3653;1032
1143;8682
7595;3326
3454;7074
2053;3263
7626;5764
63;2844
7355;1648
1152;7186
9985;5505
7437;9434
5216;5388
243;6502
9858;4654
4271;7276
2677;3413
1078;3106
712;9376
6090;8969
8648;6436
3756;2491
5761;7116
3518;7181
777;8055
5276;5712
3574;6049
6749;8810
4083;5903
6729;5453
2951;277
7587;455
5608;6064
7616;6219
1185;1441
8777;6481
440;2661
8258;1212
2302;9903
2871;3459
6942;7056
3784;922
4383;1176
5324;7286
1570;3546
5661;963
7573;5748
9082;1758
6098;984
9253;9212
6874;2980
361;9900
2626;2248
8388;4774
6325;2239
7861;1831
4211;5947
398;3816
3670;6920
129;5455
1476;7303
7613;9816
7123;9532
8309;8771
8044;7609
3795;8259
8313;8507
3999;5088
159;4179
6474;8316
8035;9899
4435;4940
8332;5211
8671;6561
3887;9635
9750;975
1376;6467
5985;238
1409;4481
9508;4625
5670;9191
7519;153
2819;2389
8260;5836
5019;1178
1614;5690
9949;5390
2336;9649
8939;5404
9886;7026
477;691
2608;5920
9744;3136
5521;2059
9074;8154
445;973
1268;938
4317;8101
7544;4800
6592;2465
4579;3475
9457;871
573;9526
5188;1267
8542;6543
3463;5828
6190;3673
7667;6634
5572;7234
3339;9380
2535;5636
3752;3464
5441;647
7356;14
5034;161
9283;2931
2479;5061
4473;1879
589;5498
3090;282
4025;9988
9850;5870
7885;4076
7652;6086
488;4012
2456;5742
5409;4866
762;9729
9851;1837
3221;9297
1286;8091
7921;6428
1988;2452
4731;7190
1532;5447
7695;1583
636;2828
5932;4382
5835;1506
4759;8722
3373;4062
7814;1786
2446;4457
7850;9851
2457;9386
8567;8140
6303;6855
2361;9492
1881;5944
9176;4655
6976;9536
9807;6196
8485;4764
2924;7464
5537;4372
8867;7818
7484;5828
4802;5427
1961;4015
5266;9351
5266;7667
9273;3313
7154;9307
187;4604
4803;3379
7400;2915
6212;7523
9461;5505
1536;7496
6779;7124
2019;7089
8253;5335
73;611
285;4512
768;6966
8481;4663
4573;1178
2087;4450
3525;1345
8673;1294
8140;6398
1920;5317
432;2833
8517;7988
9100;6607
1079;822
6643;9771
2805;4272
4503;84
6127;1991
1606;5876
2015;1112
3707;7682
8781;4845
5781;2850
9247;9743
7388;9205
2955;6331
1407;9128
5745;8437
9832;5948
2446;3511
6414;429
9733;3520
4868;6299
5220;3582
3077;274
5784;3394
8271;3838
2797;4744
5520;1138
4454;6888
2020;9827
5699;464
2676;9383
4413;9696
8226;4519
8434;2173
5788;9669
1783;5214
3115;4194
3;7936
2073;6975
3930;8554
3894;3337
8403;7130
8631;6905
7420;5028
3859;3871
96;3678
3218;7456
2375;6882
3602;5862
7933;2869
975;7892
7950;4588
8661;6611
3494;9305
8709;2897
6166;1465
6467;7539
2337;6021
848;2677
3813;2920
7946;785
3117;7305
3643;2162
4659;4116
1609;9937
4070;270
6748;4985
6691;2329
510;1797
2812;2705
3758;392
1610;2804
4893;8603
7962;7256
5810;3754
6307;9392
5906;2620
3536;4463
4866;3841
8557;3754
8215;7513
9607;9705
5751;2523
1638;9427
1877;3419
5203;1585
8575;5061
5120;9534
6327;5127
1916;1788
5616;1661
1544;9438
1821;5286
9201;8972
9294;3438
1208;8111
6199;7049
4842;1702
303;8465
9808;4533
7303;3071
6564;7991
7536;6081
6140;7883
3922;279
3260;1477
3882;92
9597;2827
598;2315
6816;6772
4504;4065
9690;3693
4150;4080
8013;9022
6704;4353
2322;3810
2277;5286
2473;5233
2967;9022
31;8816
7076;2433
5130;7377
1296;3357
5934;5205
8835;1118
4212;9834
9427;5084
3607;7923
7957;3103
8193;6209
2045;5004
7612;3288
5352;5045
1706;3052
2575;1177
1911;6022
4169;8303
8886;528
3677;7332
5881;1698
8197;1746
5121;2584
3030;8670
177;8374
4806;1960
693;1626
3513;714
7137;3715
2768;7785
2274;5282
9379;9375
2992;6387
7814;8581
767;5250
2530;2906
1584;3016
1277;8152
6458;809
5494;8891
1818;4490
9672;8724
4963;1996
197;1950
3593;7912
5568;1912
9936;22
4145;311
9422;2975
2599;6068
1034;4932
8106;1925
1469;4056
9973;1947
8089;3082
1899;3274
6238;1822
4315;1083
4991;9445
7394;6551
1632;629
9217;3807
9235;2296
313;3366
3618;503
5329;6308
5626;320
4952;5643
2212;5006
6350;8660
5110;4674
8406;6880
9022;8753
8773;8224
2204;1040
3419;9422
1067;893
5726;5341
7015;9224
1433;5924
8105;3326
7772;729
310;315
9974;5668
3196;4948
6015;6503
2622;3968
937;8878
8722;5725
5356;5220
869;835
8908;4734
2590;6868
8263;3878
8452;7685
1095;1205
1854;5908
1904;2271
7327;5256
2991;7407
3475;7963
3982;7624
3008;1380
6355;1615
4440;6972
5140;9913
5993;4406
8626;620
5985;3202
8281;4790
5578;4483
5358;8577
9124;5808
7652;3522
4548;2719
9791;6017
1238;1733
3043;1870
5704;771
6150;2186
5922;4743
6963;2299
3721;5898
5774;6371
837;885
5130;6465
8306;9016
7685;6382
793;9150
3137;7359
7122;5801
7690;4851
5773;8643
4638;3047
9479;3365
2617;6513
6139;6036
8918;6414
4242;7560
8796;2138
9750;9601
8180;7818
7952;8439
6376;7261
8201;8610
7419;72
1624;3916
3586;6402
1925;9390
2221;7679
7207;4164
7540;5911
6382;1824
2344;4717
7183;1791
684;1122
4055;2583
1439;8297
3268;5330
4493;5973
9484;3890
5745;7010
2709;6082
4517;5757
7066;9080
7133;6270
3146;866
3372;6162
3846;8780
8327;4976
9514;5680
786;4277
2027;3964
671;398
8960;7857
2300;9718
8416;4695
7286;706
2262;6717
718;6537
551;5837
6969;7057
2710;5275
6917;9089
1718;3514
6688;9651
5946;8042
9113;7507
9595;8631
3019;4670
6719;2445
2188;959
5745;6217
5386;1520
1046;3923
1177;9350
5686;1900
6447;2280
4745;7228
5512;6627
1764;9293
7479;7782
1833;8968
3144;1358
3556;4581
9119;7228
8742;8941
6110;2745
3030;7109
305;767
2854;285
1690;2734
4189;7236
777;6932
6305;998
5710;7395
9420;5273
4979;9371
8569;1858
7133;3223
7288;7771
7723;9763
3760;8279
5512;6532
8979;9962
4464;6357
1159;6156
5422;6606
3150;5633
1533;27
9930;4222
4457;5768
1379;8230
4186;2267
1495;7966
3917;2033
8962;9475
2817;2047
5562;2648
3764;2509
8290;4291
186;926
8267;5451
5959;8212
4501;3311
5016;8351
3416;9308
2779;3450
5675;6783
9811;1553
291;3440
9223;5456
2259;6135
3239;6950
4021;8156
1093;2415
2984;2005
9944;2473
6962;3937
2868;569
6972;24
3132;2731
2094;7355
1962;3548
4276;8129
7774;1428
1885;8864
8471;9596
9574;1715
4799;7944
8620;9998
2011;4864
6246;5392
9104;7494
4661;24
9751;3416
555;2660
6751;6789
3605;4570
2231;7139
8170;7265
9197;9594
5844;1296
6085;1190
7739;2555
4899;9114
4478;121
5255;3167
8763;7594
1166;6616
61;8055
4805;6660
3472;1348
1585;8202
5175;1181
3936;2349
4952;8721
6897;4137
2285;8814
7296;2302
6230;4724
9652;7669
871;7389
6206;5655
7561;5584
5514;2734
2293;4101
3874;6324
1632;8063
6553;2463
3390;2856
1229;5920
8912;787
4383;2917
2267;7553
2454;7524
7879;3876
3499;8954
2264;251
1834;8500
7342;5651
7655;1644
2571;4246
6010;2993
596;7723
4648;9142
6472;4616
8250;7283
3626;2241
7348;5450
692;1246
3826;3672
2093;7598
1330;3954
1830;1905
8119;1039
4324;1371
1966;5176
8340;5385
1528;2761
41;1799
6312;645
9054;7254
7806;5135
7038;1580
7662;7293
1712;3268
4912;1981
559;269
3103;9306
7480;7968
9989;3593
2578;4090
6936;6834
9929;8507
2561;682
721;4417
5300;3470
9456;6249
2552;6504
9053;8743
9870;6927
6623;1175
2245;2808
5465;412
964;9814
388;6636
3750;7792
2865;5903
2912;9926
9702;4493
6118;6713
3931;959
7050;1973
9460;3182
8677;8328
1624;9348
184;5146
4268;3743
9700;2823
205;546
8863;3449
6012;1354
2015;9398
3975;5129
2343;8200
3706;2404
9644;4161
3472;9169
9557;4623
6584;9655
2078;1522
1338;1412
7974;6938
3934;516
5301;4710
2597;9538
4677;8868
7625;5982
1140;3624
6563;4291
2523;8981
5821;272
9069;636
107;2755
6734;2765
8861;3702
7052;7553
4503;4584
9768;5870
760;3837
528;9362
595;7464
4825;5419
2337;2459
1152;2958
9492;597
835;8802
4416;8390
9372;1491
8533;7493
4288;1877
2110;8708
7466;7513
4743;1874
5744;976
3630;3397
2123;581
502;2954
1393;5649
9621;971
8185;7489
8663;8915
2499;1541
1491;5107
7635;5774
6836;9833
8085;5331
9715;4827
448;3688
3075;3878
8720;6139
5574;3274
6394;2273
7680;3050
1747;321
2339;2617
9404;7720
8359;7253
809;9057
4335;5114
8597;4673
8460;7997
5022;653
4897;2892
2564;3634
506;5512
5655;1975
6675;1473
6027;8145
9768;5557
656;5916
269;4572
446;9901
5083;4738
9883;4321
9670;238
2714;2466
6665;5589
6394;8284
5494;839
8502;6748
3117;5233
1638;220
9461;1965
9388;3905
2390;3901
4908;4646
6124;7757
5345;3843
3891;2095
9906;7055
308;2733
6716;9963
1493;7693
3765;2835
1232;2616
2251;3336
9652;6777
6384;615
6811;9233
2333;1957
7371;4477
434;6964
4088;7003
8966;3245
7234;4622
4873;1863
4294;1071
6660;461
9230;9479
7334;6855
3502;9602
785;6195
1602;3377
3228;288
2352;5309
2511;8598
3449;6506
1921;6576
829;3717
1935;8513
6295;7674
2833;8870
6563;8229
3490;8182
4368;7306
6810;7080
7635;4523
241;4674
5800;4500
621;5641
3363;9318
6175;3716
9486;4388
4938;7944
9035;1047
8076;2087
4826;4635
8634;6851
3087;2488
1094;9230
4071;2329
4773;3204
7681;7869
4608;1254
9504;5071
6120;6734
6171;9516
7485;2989
186;2554
548;6303
3433;1553
4334;6258
5488;7404
9168;8873
7525;716
6856;5031
5132;6595
2550;9130
3677;6806
6900;618
7984;7205
2885;4170
4057;7832
317;2578
4301;2821
2433;166
9317;7364
3214;3492
8684;9368
1112;421
376;4163
4719;8282
3443;1653
8582;6733
1429;6599
2844;1224
4615;4431
8674;8481
7649;6911
2567;6330
5350;4246
6509;6338
3574;2855
7709;9254
3904;880
1175;42
627;6754
735;1400
5952;9656
9292;2123
4784;4519
7058;9373
3459;8423
7333;2008
7830;9653
2961;5469
4828;5478
3048;7420
8206;9803
8734;7330
3558;7243
8843;2473
9904;5875
1130;7468
5130;6963
2454;4399
408;6267
1734;5789
4358;8229
2795;3294
1133;1253
358;798
7921;9611
1297;1824
6359;5059
5053;7646
9314;9183
1619;4279
9123;5666
2851;3684
5930;242
3066;6911
5059;4887
7820;4684
517;2000
5572;3961
7644;3747
5560;7394
1717;1540
6593;6281
847;713
5718;6593
938;5831
2770;1986
7640;2815
6629;7304
5255;5078
1714;1023
5362;2181
8701;5333
8596;1216
1749;8097
1401;3044
5619;1808
5922;7814
9988;851
5177;6759
4993;9851
7630;199
1572;2718
4901;4845
2535;4093
3914;7071
5442;2368
88;2624
6380;6150
1296;7415
4477;4144
3296;8479
637;1756
6068;8986
364;6429
7075;6260
9790;7708
1865;7160
6053;7329
4593;905
8035;9273
1094;5442
1127;9609
4924;9787
162;1252
2447;1426
7970;9279
6474;4842
3082;8325
9231;4472
9057;4763
4511;3017
9602;2881
5725;3926
8235;6041
1293;5066
8548;967
1312;9139
1339;5701
9754;5242
7833;9539
4597;5090
3996;6301
4233;6928
9588;662
2242;9900
6967;955
4225;1734
8930;844
9744;3029
1881;6575
9623;2106
499;6149
3889;5435
2719;1650
8430;9988
9343;6263
9098;5494
876;3012
427;6573
5264;3177
2397;6966
4187;8477
2751;681
2217;2645
4240;7794
2740;4789
5892;5804
6883;9087
4904;1036
6839;2770
1051;8362
2988;7100
8695;1700
4970;4109
2363;2198
500;5238
676;5785
2118;6678
9945;6865
1282;231
3156;322
1288;7810
2256;9733
5314;2297
1661;5683
3581;7445
8735;4455
4090;4722
2613;3968
4680;5561
6204;846
276;3368
7449;9750
8085;792
5007;3692
5246;4269
399;1968
7972;9672
3360;544
8586;9985
9652;8254
6999;8391
896;1030
6180;7872
4148;5490
6938;1498
4868;2729
5965;5943
695;2879
2464;4453
5009;1135
2970;4470
8672;6319
958;9448
5495;3766
7728;3996
2020;5372
3690;6410
5019;937
4679;2933
749;6618
6204;3596
8430;8263
9641;390
6709;9671
8292;4700
5919;8400
7982;2407
821;4669
6374;1887
8244;2090
7563;2261
1518;2503
3664;6655
8938;1028
3080;8002
6613;1587
5957;2958
7018;7612
887;2880
3322;7461
3393;9489
6128;9090
5910;6843
3664;4006
1048;546
8633;6163
4760;9746
4978;7562
3712;7388
5607;8576
1632;9462
7768;7751
2691;4505
6220;2731
6100;533
5606;1272
4994;7703
2474;8875
4416;1549
4334;7480
7763;3427
7784;7881
8396;1895
271;7018
3278;1239
378;186
8515;1053
9660;7307
2408;3855
4980;1902
299;6108
4093;1169
6846;1658
8766;5652
5623;5629
9116;7392
2992;1111
63;6175
3007;582
5766;4497
2824;8967
776;3218
3528;5447
7247;1524
9614;6710
5998;6778
1430;5204
5486;2113
8839;2120
6813;2219
1050;6341
4785;664
7145;7392
4732;5306
4152;2555
2301;1882
4701;5718
8774;9696
4270;8318
7580;7474
8812;741
8634;1925
7175;5956
5870;6311
9129;5808
9947;1433
9044;4417
2442;6821
7315;2415
97;5653
6460;385
7639;2920
6518;9787
5568;2727
4817;4914
4895;7257
8494;9973
4304;6862
4254;1232
6428;8077
8747;5406
9048;3881
4710;1890
3854;8472
2521;8306
159;7009
4198;5914
3435;9325
7014;3876
8856;5421
6909;9133
8201;9731
7642;1669
4383;599
238;3333
1652;1176
8727;2074
1072;8045
2341;2412
291;4282
1451;7311
3769;4366
4317;6198
4696;9382
4421;8855
2606;2297
3630;5089
1363;4741
4711;5713
606;8684
7853;1186
54;8686
9721;457
74;2967
354;4081
3865;4457
2706;2426
6270;6209
2015;1961
1745;9049
7339;21
9341;3212
5585;1189
5697;9848
9135;6501
7968;2739
1782;44
7385;5347
4117;6195
732;3415
8719;4758
1366;8720
7547;538
3656;5309
8791;8535
4685;5560
8101;5858
4904;9764
9592;6705
5054;9557
5313;7319
120;2504
7979;3683
2342;2415
661;5931
4377;7552
8891;9891
601;6789
5137;8055
9215;2009
3005;9313
361;3531
8646;9297
5742;4218
9851;845
3406;7042
9106;7229
7277;375
