1;4000
7325;4006
5665;3461
8843;1397
4161;5683
1586;416
6946;4163
5089;6103
6522;1158
9584;9745
3891;3053
4887;1025
4661;9082
8925;6681
2681;8021
8726;3379
43;1095
3153;1165
8832;4424
5836;7880
4407;9772
8863;4212
2186;8016
2568;3671
9925;5829
4501;1737
5297;2380
1069;3635
4201;9522
8690;776
8715;5877
7354;1765
4820;2538
8444;5041
9125;5664
371;6748
700;9155
116;9197
8823;8821
6167;2429
9944;7960
8429;3806
7514;3115
3754;8318
6441;7926
1449;5320
9894;2452
1775;5813
9932;5123
1847;8059
5006;4552
7571;8284
6771;8863
7303;7583
5838;880
2761;5704
1106;8559
5400;7365
143;1384
1915;6975
8705;5094
861;3191
5954;9069
3445;5624
8159;2988
5493;2183
7781;1949
4305;7021
6684;2147
3661;5888
1949;2418
2590;7793
248;486
8677;9309
2074;6576
4668;601
257;1222
7929;332
8133;8555
5901;9929
1510;1117
7120;6429
5121;7374
6606;7060
8673;8453
6453;8073
9764;6373
7312;4910
979;2057
4127;772
6268;7754
9951;5861
7387;5129
4988;132
4571;7281
4062;8284
6932;185
4690;6867
7091;6666
9613;9897
1482;3905
2210;1177
2430;3688
559;8630
639;3151
6086;8393
7026;2576
5711;4159
1002;5984
2202;312
8211;9709
6038;5772
4527;3923
3507;9140
4674;2155
9999;4741
3202;4277
4480;3451
2784;9102
998;1842
9767;3809
5732;8069
9767;8709
3578;3213
6712;7538
6560;2310
7197;5427
7440;197
8263;8959
5838;3469
796;5323
900;1336
2610;478
4065;4990
5005;9439
7884;7190
4064;5339
1951;1221
3305;7743
5054;1129
7417;4852
3367;3166
7777;8695
8181;1783
9186;7183
3033;2162
3852;1974
9351;5290
3002;6526
1772;874
8759;4402
9116;8025
8851;3922
4709;3548
4624;1611
190;2967
8399;3522
240;9906
9702;481
1789;5369
1134;591
139;9625
3730;9897
6216;5886
8540;30
3651;6797
5857;9862
1798;1850
6035;6711
919;6291
6149;1502
8769;9820
4905;1411
3601;6426
4129;3005
7206;5108
8950;8645
3027;4873
341;9034
8618;6417
3080;5165
8744;7204
9400;3649
5292;6268
3572;438
2810;9991
5528;9277
3988;380
2236;2879
7672;2879
4016;6782
3101;1665
9194;8124
8003;6539
4636;4148
4873;6997
1517;8153
9328;5927
5432;3844
6775;7429
7431;2518
8797;750
7901;1389
8640;5018
8339;5504
5969;7558
7028;157
4675;1913
3357;5478
3934;381
2140;9982
1921;9891
3618;5240
3656;9317
7086;9571
9296;978
6054;4649
6852;8987
683;5292
3795;2347
8890;9319
5295;1283
933;1352
2966;1130
3574;1680
6863;9298
8973;8932
5257;7333
365;3177
1206;1880
1242;4285
2335;5501
7319;8918
370;704
831;8363
9980;8302
4883;8538
2238;4282
1506;3005
6656;7696
833;9582
7128;5833
376;1211
1362;1851
2788;2196
421;4415
7670;1564
4854;8473
8007;6405
6539;1239
4624;9318
863;7710
2718;5779
2158;5578
2928;9209
6381;293
5696;3766
8985;7186
1736;7514
2636;9087
3306;1487
8955;4643
686;3402
861;4705
5759;8284
7209;1533
9939;2122
9436;8359
6793;8802
690;4875
686;5055
1531;7598
1504;2901
2723;2725
2111;4183
4831;3119
9563;7183
6419;345
3297;999
7460;7291
3546;9430
2263;6882
1025;2412
6693;7574
4585;9730
7730;6942
6971;8674
9565;485
92;4592
9284;3992
260;877
6979;4288
768;2831
9621;4996
3857;8050
5412;1058
6624;4518
5485;8203
5777;6408
2811;1289
4241;6780
3934;8494
8585;5775
7809;6718
6;2737
7385;7217
3160;733
3827;9514
6531;2375
313;5902
5213;6540
2188;8507
2002;6632
2928;5790
5515;2334
838;5617
4669;8492
9711;7584
7335;6688
7771;8151
7210;7379
3134;8326
7040;3038
765;5121
8201;5634
5433;4830
6357;5030
7531;8267
405;8363
3784;5577
7255;4328
2868;925
8120;458
6717;5480
2936;5906
1940;423
8303;7061
2149;447
900;8387
1262;2161
2705;6278
9854;1148
6578;9454
1506;6040
734;5417
3753;7894
8489;8862
8725;8404
5280;4548
1849;1056
8411;4123
3098;5159
6230;3677
4180;3929
2539;6359
6794;4233
8885;2312
1621;7457
2109;6402
5062;8046
7030;2716
914;8729
4456;3659
7147;9143
2858;642
3740;7673
7992;2778
6125;4663
8495;9827
225;8841
7083;5672
9278;7808
6337;9046
9702;7724
5281;8921
3087;6973
7939;3002
4090;3490
7920;9105
9462;5699
3671;855
1750;2566
7521;1095
2305;9117
7875;8672
2152;9990
8003;6860
6003;5049
6747;4583
4226;7922
6170;4798
9963;423
8672;7941
3723;3258
1446;2167
5777;6172
9234;6268
7465;8727
7347;5623
6132;6280
5632;6283
4817;4425
650;7430
7060;9135
7732;7790
9232;9160
6749;7354
7623;1859
5470;1726
5235;3553
2173;2810
3651;776
4847;6157
8688;9291
7730;2278
4620;3682
7225;6501
680;1452
8271;9532
5276;2082
9172;8780
7910;3319
7541;8734
6112;4053
2565;7181
4908;5594
9092;2913
9287;910
7184;9717
5934;4420
6740;883
9106;3325
525;8284
6929;5139
542;127
8645;5067
2056;1892
349;1189
6763;5701
6636;5034
1644;4363
8241;53
2817;7684
1203;734
4381;296
1423;689
658;2211
9557;8876
6527;5565
5099;9330
4590;3648
5259;1249
9813;1164
3775;3099
1983;7924
7127;6535
3813;1669
830;3320
7868;9573
6420;1236
8621;2121
576;2967
6874;7524
1381;5367
2562;9604
3185;5151
8515;7170
739;1089
2154;8318
5301;2058
4267;8768
292;4936
4056;9436
1728;6261
7437;4697
9145;6808
1225;9527
6009;8809
9292;617
4726;1393
8011;3841
268;1022
7424;8076
8169;179
1408;3234
7169;9385
4829;8590
4175;4719
8204;6045
9324;5477
671;1744
1947;4318
241;8685
4024;5333
6225;2353
6294;3807
2517;1249
3633;5166
1949;4219
524;9557
1359;6930
4492;2844
4182;525
5212;4409
2392;6526
9700;7065
2445;3401
9441;4682
526;1830
3608;8610
800;7712
3644;4919
6699;4192
8383;619
9273;6593
5608;8531
8588;7043
5502;7283
3792;8778
3785;5023
5024;3662
7513;2878
5636;260
4473;6934
6340;3991
7922;5545
3856;5325
1998;2190
5364;6772
9564;2740
6661;4496
3477;7
6305;5801
4291;7764
221;9418
2284;1019
1239;1589
9353;9284
5898;7239
6797;4801
6431;2219
8302;8265
9344;9519
3550;436
3220;9686
6783;9220
7478;3196
6378;8302
693;508
6058;5198
1784;3666
5660;3742
9869;1903
9621;8425
8940;2501
4259;5776
1623;7315
745;1004
2229;4858
9273;6518
3090;7580
1323;2593
9720;4100
1177;9474
9741;6520
4849;4485
7696;3686
4480;7370
2903;2264
8891;1979
302;8861
6477;2685
4907;8059
4908;9482
8889;3180
3220;6543
6622;8900
5769;5245
7037;7414
4291;4140
4584;2724
3806;5142
9724;880
489;7364
7453;7494
4784;7416
7626;7711
1025;7767
4021;7939
5603;2798
17;3143
9338;5560
7505;8250
6120;6923
2259;7318
9120;2800
3341;9515
7908;4443
6337;6671
4662;1412
214;3189
5335;6762
5434;5431
2114;9239
6549;4378
6788;7809
6020;2265
771;9761
7182;1240
6414;4746
3420;9622
5980;3659
7453;9276
9216;3049
9353;5805
7762;2878
4429;1813
4863;7858
2404;2307
1770;373
7499;463
8061;6017
4918;1462
1667;1171
3059;1843
5843;5714
2286;1941
4532;2948
519;9357
4616;3149
3097;2131
3399;6752
9347;1312
2339;8117
1146;3945
3523;1067
9396;9175
3660;2952
2749;2092
1484;4852
9223;2248
8375;1719
5376;6353
8715;7748
9637;7551
6066;9087
6044;6899
3581;8091
2192;6206
2257;785
473;5190
8581;1915
4869;117
3947;59
6466;5495
1797;8597
9650;5213
4871;7053
7495;4572
4179;1313
9239;75
3337;505
4974;9550
6778;2973
2625;1203
8002;3702
183;6540
4517;784
1739;8739
9414;9084
9335;5033
5606;5127
3923;8919
7706;8418
7750;5610
8214;889
7432;2050
9260;7971
1618;1004
8472;1938
9701;7296
7716;562
8328;3062
6446;1882
606;8073
7166;8952
8843;634
9143;6790
5439;4322
7887;7439
8083;5943
2182;8038
4831;473
7467;1117
1813;9455
4218;5941
1339;369
2676;4671
994;5808
711;7331
4937;2956
9923;5159
7090;5830
6173;2758
2128;5009
4671;5669
4293;2179
6453;1462
5903;9702
2638;9274
7151;8658
5197;4795
6282;2300
8152;5207
4574;5733
1065;1242
3657;6761
7512;1655
3695;7298
4810;8724
9661;9550
7689;2100
9560;6222
7830;2323
2800;9434
3242;4604
9127;8724
6278;8120
8559;4563
6785;5980
543;109
7345;6284
6231;625
857;5227
1194;6904
6814;9096
7166;6352
1557;3176
475;2941
9485;2065
1698;5178
6787;7741
5793;9409
6569;8791
4449;4335
4451;6694
2737;1440
6665;2757
256;5177
8480;2383
2940;6242
9406;1702
5440;1011
3004;5299
5561;331
3389;2738
1639;1239
7555;5916
905;5903
2476;8883
1944;3098
8634;6702
7124;8882
7088;166
1549;4769
5491;8740
3506;3673
9569;4978
7659;6168
484;9842
6300;2184
5244;9820
5861;6197
6856;3601
5576;7126
3261;8121
2710;7740
9290;1272
4081;2154
3812;1293
6734;4199
5081;907
1583;3871
855;7673
2597;3861
6299;654
659;3254
1917;7538
5644;880
5765;5639
2425;6515
9097;4826
6555;4161
2221;341
3171;7957
7853;8765
8328;7946
2522;870
5381;9859
2696;1042
333;380
1219;4075
9114;6920
1366;6690
6643;8847
369;2881
2229;5315
1623;9360
8384;3377
4942;9777
416;8893
7223;4133
2333;1896
1653;2877
529;7553
2206;3543
468;3617
1596;1444
3178;5354
5077;4971
7725;9366
9512;316
3070;8373
7005;79
7670;123
5051;5141
8074;4872
614;9440
8320;7567
3881;2822
477;2803
8490;8037
2835;2923
8990;4105
6421;2189
2994;9790
2313;2891
5035;7714
1988;2426
1490;1773
412;3955
1096;7942
6912;7039
3578;1292
2019;8844
9671;129
9393;932
9449;1484
714;1461
2281;924
8004;7682
949;3596
2218;9043
4527;2752
9134;6894
9461;6620
3596;2854
5948;4400
985;4179
7211;7437
407;1201
2543;2140
7569;8778
1091;7140
6542;1058
2296;8293
8694;6380
595;1699
3977;7083
6561;6656
4412;7170
3996;7628
2166;9331
2665;6708
4910;1645
9333;5827
9294;3436
5563;998
9316;9237
9329;9254
130;9560
8920;2641
9400;7290
1840;2592
7696;8900
8447;2332
6639;411
9927;4587
8478;9032
2867;6786
3639;2762
8169;6201
3412;1894
342;3029
3366;8301
4298;265
9374;685
721;5445
2188;6538
7772;773
8383;4479
6467;4999
5191;3829
9390;2510
4268;1835
7600;2543
4738;2752
8533;4150
9006;7197
8523;631
5773;4600
7153;501
3465;6375
7067;739
3817;2544
2100;2070
9787;9887
8626;5329
4150;5484
9887;2589
5114;5460
708;6641
3161;5145
506;7690
8914;3476
5782;6657
5315;1443
9382;375
8608;1654
2747;5125
1753;3679
9076;1458
737;7749
9894;5078
8962;7571
4842;5633
7399;1570
4702;7749
8522;697
623;6339
165;94
8318;1300
1391;1362
4607;5083
6228;1975
5084;279
2705;8437
5934;3388
3980;225
9949;5221
5580;2214
6655;8022
7770;4375
9127;4305
4878;8808
5548;2683
4059;5879
1850;1477
4422;3148
2896;1799
3689;3078
3563;7966
3644;8101
7817;4602
7516;4491
3422;6589
2121;9758
2260;150
5109;1734
1434;776
2996;1431
8262;6454
8757;5849
3108;2715
8755;1393
7566;9376
7503;3345
1944;7546
5330;1903
5212;9462
8441;718
2641;3001
3009;9556
1185;7376
4988;8761
348;6417
5135;9498
6740;1097
4370;445
3829;3534
8059;8536
4492;539
9044;8648
2883;5985
8338;4698
3879;7767
9280;2545
2877;6900
5633;3264
6103;3469
6636;3928
1736;6533
2317;1827
5135;2847
549;7253
7252;2334
3228;9398
3910;6586
2761;9706
5052;365
1581;7124
7285;5078
6826;65
85;7488
9493;630
5892;6555
2401;7665
6978;6236
4106;6542
7460;2298
6566;5241
7110;6779
2779;8226
4728;4584
6892;1940
2754;2893
3341;8272
1531;5541
3481;5299
1149;1360
7850;7785
1190;7565
9712;3469
3835;6706
878;4992
3767;8476
3909;1477
9125;5679
5757;8232
1330;7066
6674;7822
8051;8411
4786;849
2792;7206
1091;175
6628;5642
1879;8034
2454;1182
5544;1503
9817;3949
8604;8160
8831;5412
1367;370
5004;3381
7128;3639
2885;4227
60;1733
5371;4408
6005;8845
7241;9853
7284;7009
5999;3619
7316;5149
515;9289
3378;4703
8056;62
6119;5585
3332;1215
2617;5386
8929;6645
5688;4214
5149;8624
5926;7313
8639;3524
4524;7702
3481;5312
4307;1479
5400;2877
3614;9157
9633;6915
2668;7379
5672;6986
4899;6774
7533;9641
6312;3285
6556;4039
4456;2317
4777;2371
4791;7319
888;8568
6339;6973
7484;285
369;8109
7876;5933
5586;4633
3059;684
800;6319
4641;2770
1339;5123
7467;4169
8672;847
6504;7815
3579;2437
6127;6837
2025;5972
6380;20
9437;5496
14;1669
3471;8240
6121;3372
7562;1490
1084;9761
7554;4393
5168;330
1525;4327
3615;4571
8569;4101
4355;8299
5732;3234
565;4845
3563;3815
5230;6046
9822;9055
6562;4380
7751;519
7726;9480
35;8272
1603;9299
2073;6657
1553;8707
8511;7299
2087;5986
5114;50
9142;771
4014;2081
8277;5365
4118;5069
516;5003
42;547
9781;1673
2318;3868
2918;382
8813;7942
3166;6386
2320;8956
562;6831
2095;7587
8308;489
7748;906
2349;4858
2354;2105
2570;717
7893;7479
7908;455
213;2650
4410;7962
2591;2966
4809;4672
6671;6175
539;8495
7044;9026
2295;9774
1092;3289
3195;1167
8827;812
9400;6408
8410;1727
6679;6261
1798;4673
7779;8678
1544;2984
4715;4149
4136;6230
2135;6553
7497;2148
2757;4428
240;101
3556;7518
8113;3469
1840;8691
8713;5075
3657;1885
8966;6704
3080;2603
1158;1015
9831;8671
2365;1785
4412;5441
9006;6289
4505;1468
2949;1833
3684;7765
8115;7014
3721;6208
6837;7071
4694;385
3359;1894
2911;5245
7836;4669
5289;285
7926;8957
206;4665
6650;2063
9105;1673
4576;2966
143;4235
1597;3785
5066;2810
8551;4798
3108;1914
1788;4339
1245;1799
4396;6584
8380;7328
6263;2172
2172;6985
1401;8894
1115;1135
5041;2273
1212;131
4883;8755
6132;9685
581;7436
2091;3040
3063;9797
3846;6893
611;731
6201;787
1728;8312
6198;7738
5820;4224
4753;7216
1434;1516
2949;309
8378;1479
7402;875
4465;6799
1159;5793
9757;3883
1445;2052
1269;3262
3244;8344
8844;3333
8175;4071
8609;9319
1415;9230
3811;6333
5516;4519
4147;2663
8901;2175
3721;7020
8525;4560
4694;1371
758;9313
8351;9181
1865;7008
7847;7459
9660;9674
7200;9779
860;6318
9240;6652
4486;4594
1167;9049
219;6165
141;676
2087;6994
2875;4678
2041;2758
2620;848
5055;3918
4104;135
7202;4584
2001;4270
871;4251
1335;9665
6717;1713
8853;6391
268;6038
2854;5003
2192;348
5214;6254
5162;309
3417;1341
6955;782
2303;3196
9010;826
4927;2589
1971;9419
9423;6298
4942;1669
4127;8463
3152;8026
6299;378
9513;7079
767;8449
9152;5886
3569;4806
2441;455
2222;171
1246;3008
8658;3942
5166;1942
3049;2217
9412;5059
6756;471
3592;6506
454;3942
1201;3192
9136;5447
2863;6920
9132;7304
2502;4416
3528;1304
4519;8567
1485;8270
1801;693
3784;6655
8889;5492
1671;7815
2047;7405
8557;4143
8070;9583
4462;5077
6710;4376
1219;5148
7345;7338
2407;7692
9143;5092
5748;7636
5387;1092
7252;6845
6845;2305
5811;5927
6113;4152
4110;7092
4733;663
6759;3700
7516;1724
9349;3474
4016;9550
2784;3983
5360;2071
5686;980
5779;1781
3931;2460
2054;4797
440;3875
873;6338
230;2849
3583;5691
5455;4960
221;5788
2636;5662
9837;17
9635;7278
2130;1563
3038;4126
6186;8699
7590;3322
5723;2763
8038;3560
6665;4280
364;9276
2083;6640
3737;2988
1604;6097
6716;4326
7213;1432
1264;288
5070;6573
5937;7592
3418;4715
5250;4659
9963;3032
5678;7702
8205;2926
9999;2697
1119;1979
764;2569
2305;229
567;6870
9278;5222
1472;9385
918;7393
8483;7678
1258;9784
2247;7394
4783;3827
4331;3293
4193;5992
4339;8470
177;8462
1931;2960
4192;682
8329;3042
9435;7622
1333;2953
2255;4906
5025;1404
6108;559
362;6378
2813;8086
5708;2952
1348;5814
6930;606
2733;3001
5199;8388
621;4070
6847;8626
1152;8538
3722;2423
2366;5653
4366;3110
2972;9621
6047;7022
2677;3360
5164;4481
1388;6218
8886;7741
2632;3760
4018;6762
7288;5860
16;8167
7354;2646
1872;7508
5880;6564
5107;36
8417;2796
9548;608
3399;9597
734;9036
3693;4711
7802;3235
9247;3980
4548;8856
1239;3486
5975;744
1404;7141
6084;8511
6337;7485
3952;5811
5487;8657
4173;477
3271;6988
4655;580
285;6467
9452;9690
5960;3461
6808;3140
5132;7492
2937;5933
4036;2624
181;2086
6967;7067
4131;4656
3480;6977
8069;5485
7439;4104
4659;3775
3399;5950
4193;3012
2899;1392
5892;6473
3070;4339
3793;2558
2632;2958
1545;2559
5835;2191
1103;5093
3191;2899
8722;3413
8949;1804
7954;4079
9169;2589
3382;8057
998;12
734;8216
3275;5701
8718;403
965;6405
5413;8814
1056;2924
7394;194
5572;659
2878;5577
8117;818
1156;2705
3972;4638
9302;7092
200;1707
3760;4717
1417;7433
8757;4808
8959;4026
5715;6821
5988;3992
7826;1796
8797;5033
1804;4583
4996;528
4410;82
2605;313
4869;3616
148;2337
5479;2831
6764;6970
1837;6081
3096;2221
984;192
8248;9934
445;8683
5443;158
3663;66
9204;3293
7674;4674
9841;7400
6950;7613
6828;1065
3336;4921
1250;644
5740;9761
8919;4318
4809;5572
9988;4461
7218;3532
7939;4064
1392;2349
650;2629
1482;9457
8951;1831
9256;4031
3516;1546
4186;3865
9267;2330
465;138
7535;1381
5942;6358
172;5129
2052;377
6500;3133
5682;1237
3571;4761
3618;5876
2504;2249
7738;4178
8906;1154
4429;4755
3282;1984
4835;7952
8203;4824
3504;7060
2548;2152
1752;3468
9594;3731
8644;6612
4919;1436
6855;4933
2167;1211
2906;9807
9528;3929
1242;421
7498;6909
9477;3896
8934;3051
7725;1635
5715;5111
8438;9802
2431;8534
4367;9153
6442;7405
1391;6991
5345;4610
9812;1945
7483;9075
2417;463
8432;88
127;2459
6591;1144
6360;2371
3985;3469
9386;1048
4170;2484
7891;3339
7728;8778
8720;6048
7276;8904
7353;988
8121;257
1060;8277
7749;8624
1838;5733
7172;6608
1306;1254
9848;6065
2494;6379
9346;7926
4137;932
5222;8352
1525;550
7692;1005
4196;1218
5581;1454
4871;7505
8771;1164
5878;4086
5913;5375
9032;3369
501;1275
2441;5558
3604;299
3025;1316
9506;1142
6676;1357
1300;8122
8941;1753
7092;2905
7848;8505
3882;6272
7089;39
5423;627
2153;1665
2386;3225
4188;1771
8029;4729
6401;5519
231;7651
5602;8195
1217;4442
7163;6958
9607;5590
5079;6755
5519;3932
103;3386
8369;2568
7981;4344
8747;271
6717;5920
286;84
6472;3282
4780;3913
8226;8781
4012;8366
7656;2556
4674;4830
8814;8655
8613;9816
8120;9383
9194;0
2980;324
6008;59
877;8604
4383;374
4191;7346
3181;6014
3179;9977
4249;8015
4592;9091
9507;2887
6174;5890
7195;6563
7985;7890
7047;4518
9884;4534
5273;686
802;2624
4170;3980
9489;6092
7873;2686
8313;7510
5337;3859
1381;1958
3955;6921
5772;7399
2422;8116
9972;9545
9407;5219
6759;3348
5394;9952
8732;7709
8654;8923
3409;4784
2740;2590
1434;339
2098;5756
5784;7026
4457;2383
2077;8139
3502;2160
100;5465
2980;6173
4474;1152
3923;4271
8039;191
9888;7299
4966;7060
1286;3194
1868;7352
8745;7183
4260;2802
7200;2750
2603;6034
6929;1902
6847;9541
5132;349
932;1961
1790;5654
8985;3534
6526;4160
3129;1784
9005;5546
8729;7926
3970;2239
6690;4274
3468;4602
3975;3026
3022;1778
2905;7181
5566;2424
6999;5083
6787;9144
6111;1073
8213;5397
6469;6125
9851;3868
1829;3924
2460;875
407;9877
673;2242
8541;2753
2066;2241
6066;1311
4036;8710
299;1097
9856;4276
5219;9870
7657;5686
9928;3609
1235;735
5822;8885
9564;4986
5017;1569
2698;8546
3526;6252
5329;6535
1454;5600
5696;5560
9029;3883
6775;2504
1705;4373
8702;1246
9725;5989
6247;7545
7586;595
2834;2257
6645;8718
3047;8292
9739;8064
8889;7282
157;6206
1147;7793
8543;6087
6126;8097
395;552
9765;3025
3693;43
5665;6213
914;5794
924;6173
2166;9387
3851;7071
6528;8385
579;2820
6799;6874
3425;6154
8811;9243
2419;2729
217;5301
2859;3969
5251;4884
5956;1368
1321;559
6713;9285
515;7702
2981;2847
4082;2269
2356;2562
815;7922
9015;7432
844;5808
909;3963
4845;2265
8828;9296
4890;1999
2751;2891
7270;6864
7655;2682
9473;3270
461;8431
3235;4482
2189;7120
3051;7559
4521;2651
4886;8556
7970;4892
2953;3752
9653;1131
3358;9105
2248;6382
2197;4960
2131;7681
2233;8063
3955;1487
6695;8404
917;2618
916;4047
4857;7762
2553;3209
7985;6554
8931;9119
8500;8437
5724;9892
5673;4079
4595;2577
6058;6004
8705;7838
1417;4270
4057;9307
671;9506
1534;9540
2724;7444
9180;2741
4383;6214
6795;2913
7726;47
5225;4967
4284;850
864;5449
9178;2115
1842;9008
6946;8012
6125;6517
2240;4215
3319;835
2767;5975
1379;6594
8909;3275
6580;1138
4320;2532
172;4710
4431;9217
7903;9395
5306;6031
9275;7901
3568;6819
1834;5285
9214;7279
2027;8965
7059;9703
8281;4974
9290;475
3792;1293
1121;5875
6254;2323
3924;3834
9233;2083
5362;6730
5235;7551
4035;3071
3643;7717
6931;3928
7647;8394
1586;3406
3053;7584
1281;1066
8416;1299
803;8251
354;5151
2379;9549
72;2692
6213;5248
7140;7568
7726;587
4404;2854
4107;2823
3524;7581
6028;7720
4108;7462
6517;2912
628;4067
7882;6788
433;4304
9312;8033
2995;9957
2316;2768
5286;5237
8527;3361
634;8854
4548;5383
8777;5911
1510;6975
2935;4125
2798;7896
5684;8296
1994;3934
9175;6750
4524;6016
6804;3561
703;2358
2839;741
4921;6313
3683;5342
5581;2162
9497;7389
3033;6068
7687;5931
8260;9621
440;2153
3343;8971
6893;425
5849;3428
6824;468
3177;3570
6788;6393
9670;398
1536;1264
8785;3902
3235;9069
5023;1493
8513;9479
5442;4209
8700;4640
8586;1336
1735;1373
9428;2153
5198;6643
2560;6860
8630;8904
2234;7450
9955;3036
7149;3272
5105;1988
9845;5330
2247;3951
5490;7996
1936;9899
2458;6745
2396;2700
7613;5746
4744;5623
2474;9732
6408;5048
2561;406
2285;9446
1133;8850
2214;4307
248;1879
267;561
6628;2101
6009;2285
7165;8557
445;7989
9053;7249
9646;8625
2540;8599
7198;4603
49;1961
2583;3581
4050;5652
6325;539
7477;4666
4339;1769
4678;7213
3286;4790
7994;5565
5946;6920
4834;6258
616;6262
2863;9691
1380;193
6326;9340
6728;8099
4865;6442
2428;7073
7291;6787
851;1540
6648;2502
2989;397
9688;3188
1308;8122
3380;7549
1271;9550
3443;8821
6876;1507
5052;4691
871;8367
3865;5184
3451;2715
6274;15
4197;6778
1424;301
737;5068
3934;8187
4240;3743
5492;1960
6194;7625
5549;3498
3131;1504
6152;9555
5974;8389
3682;8286
8502;3708
675;7684
5060;1099
4257;3136
1094;2423
3771;7185
1343;1864
9141;5779
9606;1606
3206;1750
863;4461
5826;8103
1259;7038
4896;805
3938;5559
9583;3184
9051;5290
4076;1808
4409;3674
5922;6765
9171;6741
1642;7626
6732;8137
3716;77
4567;192
7274;7163
8127;6870
1850;3439
3127;9124
3438;9900
5538;4251
4726;2527
1456;2121
6871;7507
9603;2865
4497;1751
7729;2516
6642;8205
376;5422
366;1631
9593;4787
403;2016
2031;5644
7811;9600
5592;7744
2928;7596
6256;9389
3082;6150
1098;7054
3530;3791
6584;9827
823;718
2220;2125
1478;1594
8376;2934
5175;4250
3668;4916
995;4656
1688;2109
7202;7835
9049;679
9955;9030
6738;3190
4003;9340
4574;3204
8869;5299
4221;3676
7353;2446
9647;9576
9266;8751
5170;2419
2225;5014
320;2013
3078;5780
7619;8601
8055;6178
4084;6800
7113;7161
9768;1269
8082;4096
6972;2866
9233;1372
1898;3214
4637;8759
6462;5050
5336;3624
1748;5508
715;6783
6142;9589
8735;8766
591;1448
691;7588
617;1859
6046;8719
9720;1237
5527;2891
1645;8929
6179;7624
9598;1161
327;3909
8970;1944
1540;341
6365;3572
4580;3205
1817;5891
3040;2485
2953;6442
7963;581
9559;6782
3015;2655
4531;3811
7030;4928
2492;8795
2655;18
497;881
661;6459
6225;6410
3059;2909
7751;74
4608;6230
5649;9075
1487;6631
2477;6826
7996;2365
6961;8456
6946;1086
158;6416
7132;4903
8724;790
1684;1432
6047;5611
4465;3671
5434;9395
7707;7416
829;5424
3062;6114
9581;4870
9922;9539
8693;3765
9438;4476
662;3026
9996;2740
7539;9284
97;4262
2149;3085
7543;739
3565;191
9643;8389
9859;1185
7742;6721
4925;4331
801;3934
7726;6741
6975;8509
1727;9329
9199;911
9443;1679
599;8909
2065;4065
8280;4964
6942;5107
9448;4373
6321;5290
2173;8421
9210;8446
4169;7657
4478;5657
6891;6595
7391;8560
8992;2627
3642;1969
2696;8763
4672;8941
9031;1891
5531;4922
2993;5738
1921;1463
7731;403
6130;4137
7599;8430
2553;3759
3547;726
2260;4772
734;4339
2599;9767
7464;8090
2273;4500
6600;1359
4460;3465
5463;5940
609;2143
7880;842
5324;8345
2528;5107
8431;1748
5027;4314
3708;7670
7298;2295
5081;8404
6681;758
120;3040
8964;6025
7564;4572
4076;3889
311;1321
519;713
7804;8237
4779;1329
2082;2456
4955;2042
9884;6656
3618;92
9145;3224
3511;9297
2008;1997
1152;5302
7993;4459
7573;2812
410;7655
2530;1547
6266;1790
8331;7215
4922;6544
2097;8798
3598;2421
792;3619
8451;5137
1583;7288
8394;3010
1251;6424
5076;9560
2256;8286
6550;6173
9814;2909
3991;2515
3853;160
562;5654
2096;6252
9029;2333
5676;1659
17;2702
6664;5171
5991;7941
7679;6818
6934;8699
7363;5828
2499;6025
1912;8406
1946;1564
2087;4169
7611;9192
7163;9328
9777;5985
2135;9369
915;6411
2164;3894
5007;20
8724;1529
3338;9519
5198;3373
1603;3089
5781;9313
4383;2097
463;2743
2181;2915
592;5670
3036;9481
4050;8054
5479;1439
6446;2307
2060;1219
4883;6312
3031;2264
3834;6094
7901;9752
8465;2303
8493;4642
9333;3041
945;1609
3801;9275
5624;1577
3771;8027
3335;9907
6324;2883
3385;2046
3765;944
4090;9445
2197;312
9124;9909
3243;2407
3740;8180
1832;9004
3350;4526
4049;4720
3216;1375
2983;1887
2044;632
7232;6226
4211;7206
6253;8532
4999;7499
9118;9744
747;5119
8384;4143
1167;9937
8777;8224
4162;730
1172;802
4480;6159
5967;3306
6261;3545
6349;7882
6129;61
1182;4935
7846;6303
9310;1031
1773;7947
1880;2705
2349;7222
7004;1662
4663;2245
1511;2085
6807;8944
7869;1337
8142;7244
440;1200
4892;455
4144;7986
3515;4409
364;6335
9233;789
9419;3352
1753;7288
6333;6807
2752;5787
6766;3595
14;8567
2958;2389
1234;1708
5321;7447
6455;4318
3940;8947
1875;1985
5637;8863
9313;2954
6481;438
5020;5904
6695;3548
8728;8954
4718;7954
8813;502
9901;1296
2292;3889
8747;8966
9009;9483
7924;8557
7792;9786
8369;2426
8650;5411
8735;8124
9128;2366
3133;7907
4840;4008
7693;5382
3883;4208
2799;9430
2355;1817
3028;3008
3521;362
4806;7148
6298;1027
2574;8557
9688;1465
7864;2558
8539;7754
2111;1834
2593;1882
3245;5387
5159;2568
8147;1470
9949;2933
7911;2838
4629;4543
523;2621
7445;3722
6043;4343
8946;2630
2658;193
4231;4625
8101;7493
2459;642
9815;4522
9385;965
9003;3317
5603;4630
8219;8909
7851;6921
9524;1553
3273;3959
392;932
6810;2202
7525;9104
73;9842
4546;1948
5972;6530
8105;7315
7140;7655
8397;1695
7760;9474
4280;6257
7804;1801
238;7415
5863;5669
2296;6665
1784;4413
2635;9409
3135;7952
8168;2705
157;1696
6590;7429
2319;3479
4557;1235
5831;4186
6528;4842
5571;329
9574;5714
6736;9725
8950;9957
1253;4662
1629;5429
1469;427
120;6443
8988;952
6908;3211
9625;7442
614;7251
6439;345
8595;7289
1518;9789
7113;8950
3795;4674
9434;5455
4549;6065
4258;5890
4437;6173
1729;2213
5919;302
1947;6113
2764;5431
1390;2053
3938;5774
5911;3420
2660;2621
5130;4536
2635;3033
1916;2507
2563;9549
2395;9339
6913;977
6466;6594
5629;2547
6158;1943
7965;2217
9324;9447
5958;8778
9148;3096
1181;6557
5733;6220
4369;956
4643;7755
1275;8861
8678;16
9679;8050
3409;1633
1850;93
4026;3604
3990;1998
895;6049
9142;2836
3927;8178
2942;2964
1283;4214
2151;5059
6292;3598
4413;8196
7498;4642
3907;8436
731;7006
1648;2000
8776;9836
1078;9998
3780;9248
9279;6893
9892;918
1654;8413
8777;1004
3236;8455
8652;1362
2942;8675
8247;3047
8002;8929
747;5509
4586;1498
9127;7537
7204;7111
3575;2
3841;6205
3704;9781
6005;4549
3126;8834
2835;8390
1608;2352
6291;626
541;5148
37;6158
703;5991
8105;1525
7435;5477
667;1221
7246;4214
3330;652
1597;4561
3256;3639
8155;1020
74;522
7162;1431
2113;1505
731;3632
8757;8681
5853;9906
7894;9348
7701;4672
3355;2674
8408;9179
1015;1558
7925;694
3789;1616
7778;2643
5143;9613
5610;6475
7944;4398
8206;5639
474;4395
3408;7000
4264;7068
6789;5267
9031;7400
7219;1533
8443;4428
6622;7952
6724;7105
3069;6698
146;3383
3126;2899
9369;9305
8915;7992
8269;8082
7661;2127
2419;2699
6721;1620
5694;9393
5024;231
6620;3512
2656;1101
7028;3746
3944;9536
4325;5444
5776;5521
5294;8890
2159;8821
3680;3740
8027;8878
6056;6593
187;6258
435;4660
938;2418
9956;4836
397;9741
9570;4154
6837;4375
7127;4528
464;276
1498;2005
4954;4036
9478;8292
2829;6572
46;264
5258;9544
9313;1353
4256;1528
1954;7231
5386;1346
5265;7072
2087;3755
117;795
8499;5710
9023;2164
6298;9809
5291;7416
2439;5214
8824;9133
8960;5297
3490;5529
3020;5635
8196;5976
5205;5520
8813;4676
6816;1142
913;5681
2294;8817
3911;4135
1288;2200
5661;568
5897;8273
2825;7353
2616;3123
6362;9010
5179;9956
3435;964
4068;8667
6664;4563
801;8347
9223;9676
275;1585
9549;65
2427;2130
2603;829
5255;5564
5552;1724
4853;5995
4513;4902
4538;446
5552;736
4343;6639
7535;758
4245;9158
6629;2489
9287;3602
2228;6931
2476;8262
1950;5868
1778;8127
8936;2721
847;6533
8169;7722
9206;5694
9771;5404
6542;8487
6307;12
7476;391
8018;2339
7727;2270
4602;9698
9949;1802
4668;9265
7664;3822
4299;3889
8708;7546
4331;8567
5402;1729
1852;5306
7248;7173
5230;3814
3375;9680
3523;5589
6197;5536
519;9350
4764;5935
850;6490
6166;6338
642;6226
5987;1737
7959;1496
4328;9001
8974;8266
2146;3057
4205;2908
3833;4524
5449;4553
5804;2601
8101;1934
7653;8495
5421;7129
1929;1498
1040;1817
967;1924
3473;5195
4366;2565
1751;6547
8680;3053
4405;9589
1683;9582
4996;193
7183;5817
6129;3859
2743;9477
474;4398
1952;3111
1695;688
4856;6845
394;4068
5092;5538
169;4983
9861;2704
6724;3802
9419;8782
8606;7407
5991;1921
1563;99
8192;5302
9825;4644
5869;6196
6629;6880
2092;8473
3230;5187
3491;2042
336;4364
7544;9875
8385;1941
5545;5658
3438;3842
2994;2864
3587;5420
4917;9124
6707;3379
2237;8105
4160;3848
6740;4816
6638;1995
6394;9233
7681;8922
9830;7468
7647;2349
8647;9293
5888;8558
8866;5791
1732;4481
8332;1136
5479;384
5168;8058
9096;5639
3481;7427
2536;2288
6416;8574
5680;3737
3434;8434
7799;8794
8167;4452
6108;4478
5606;8259
2520;4570
2526;4593
3005;4687
3016;2675
7115;8841
1811;5293
6167;6883
1680;4238
7347;7015
7577;9398
7565;2650
9474;2828
5272;8292
7836;8403
659;4814
558;2295
4659;557
7839;9433
4987;993
1969;6366
3122;6347
2260;1490
9522;3552
1493;9476
5696;6168
9144;7916
764;3489
8395;701
7064;7970
8459;4451
4044;8310
1131;1430
2181;4053
610;4823
9019;6418
8637;9974
7510;9200
2776;8279
2834;3064
4284;8746
7603;6325
3396;5965
6929;5388
4124;2193
4251;8429
7682;5574
5960;6610
3503;6143
7928;8146
9499;6177
9822;1880
8665;1722
3755;8669
7458;7649
2242;856
2432;9513
6718;2357
5589;1601
1923;4526
5574;2123
3359;5789
1429;3243
4714;6331
7956;5811
9665;2579
6888;6073
7780;110
6086;4354
7392;7725
9737;3831
9254;9926
6136;804
3539;9785
6078;6610
9342;9294
4066;5309
203;9674
6640;546
1367;9861
6933;9659
4548;7361
2257;3005
3710;2073
1998;1717
1101;263
6372;7684
6147;2874
2722;5401
1118;9629
4932;6515
6543;7959
3269;4390
6223;3688
6517;7830
6387;8645
5595;203
6080;8863
8048;2654
6139;5882
5745;7825
2294;2838
3943;3575
3868;6440
8450;4543
3279;5764
9057;3089
3167;8831
1626;152
7325;8391
8265;835
8800;8982
4877;9201
3584;8426
8034;1638
1079;8212
8603;8438
3203;8888
7846;8773
2435;8550
2821;5118
5329;4771
1814;9363
2167;2931
7289;4344
5216;6782
3343;1325
7839;307
7046;6098
4156;3463
8191;3776
4303;8217
9957;5128
3470;5466
3786;5324
3833;7851
5381;9364
7272;8295
5136;7136
3330;9153
5549;5006
1242;2275
201;226
7094;5992
3757;8973
7132;1062
66;8850
6121;3949
5986;1858
5232;2467
1771;4440
7420;5758
5032;7066
9520;7895
4149;6983
9306;1933
8766;4289
2730;9177
9530;3259
1165;6629
6609;7989
1054;4090
6646;3859
8655;1271
843;4047
710;4355
2608;3388
7826;991
1836;250
1106;2398
4293;770
4132;1413
8805;8777
1819;5669
2001;9078
4810;5825
202;1338
3127;9799
725;6784
5611;5271
335;148
2299;4395
6894;4865
5350;6616
1320;386
398;7753
936;6658
4256;6111
1965;2310
6805;9281
8512;9900
4596;8493
7695;3689
1186;924
5777;2845
4561;4184
8111;5718
5152;1380
6514;8891
8864;9591
1287;8078
8315;9384
1498;6615
2063;8080
6409;1304
5971;4873
2931;4643
3050;1643
8859;7134
8156;9292
9322;3262
1711;5803
4334;9992
2273;8857
8633;7193
1212;2799
1118;5268
4031;7046
68;6427
1903;581
2101;2577
3934;5114
7343;4560
5309;7670
639;4638
9020;1921
8799;6514
9184;6397
6871;4950
2097;6859
2189;84
7111;9596
3583;9929
3198;2174
4524;8207
8613;8247
3230;3669
476;3459
9791;1374
8269;148
205;5982
274;9628
9929;2098
4789;2127
4970;6896
8587;6133
6890;5854
3550;849
9145;3266
8652;7739
6151;5402
8544;9746
3149;5666
1885;9628
4519;7912
2237;2123
514;6215
1898;8130
7590;6791
4300;2962
5446;526
3816;4867
4705;2651
2693;4476
2766;9408
3629;605
1761;308
3086;2949
1802;8517
4790;7584
4720;1240
5084;6897
8361;6600
1812;1645
9183;3408
6229;9092
1356;5503
3057;7919
3861;2868
7276;7490
3215;7610
7476;6374
8311;4075
4694;2599
5658;8864
2504;6011
7779;8299
8887;1328
4941;8057
2844;9002
503;2063
9103;9851
3185;5527
2369;8547
5336;27
8510;538
4876;6947
3868;6749
26;9220
5411;472
139;359
3857;1297
3014;4038
9090;1612
8902;7116
2191;2239
4106;3928
1242;5126
2531;9907
8687;2633
1852;8164
6480;4941
2052;3516
1514;9380
8011;4634
7898;8045
4559;6488
4537;3007
1926;2049
6147;1581
1904;4362
3380;7708
179;7491
3027;9277
8277;7635
2411;5419
9371;3711
3048;2239
5772;126
7376;221
2378;3095
8955;1664
9547;5892
924;1861
936;7704
9674;3492
6674;5381
736;9679
9911;7321
1682;7550
5283;3959
2489;730
1087;9887
7249;6227
3100;8502
2379;8386
6858;1273
5548;207
6984;192
6433;220
6637;3787
5101;1314
7562;4210
6338;6445
1359;5321
8549;4997
5559;9453
4010;2701
3924;3575
3194;7499
8938;3978
9625;3495
5928;2248
3335;5252
2434;4309
348;5057
3529;8629
2822;6526
3601;9281
9488;8921
7819;4494
8858;7888
1955;1589
8290;13
7526;4713
472;489
337;2698
5105;5536
4421;509
7690;3741
75;9285
9163;3437
4273;6746
9844;6404
4059;1871
8671;1752
8696;5197
4008;7631
4335;8811
5458;2613
5751;8177
7045;3012
3300;1309
913;7212
9654;9472
7232;3150
128;7609
417;499
2428;1968
3938;4810
6501;7048
6016;6915
2870;3906
6341;7184
8262;7108
9547;950
671;8164
4656;8304
2089;9160
957;8800
6040;1487
9844;9150
8795;1037
9033;9930
7697;3080
289;5489
7341;7118
4264;9822
4570;4472
6416;9973
6181;9084
6080;7695
9058;5077
6722;9562
1035;3003
9175;5497
2212;347
1203;5777
684;914
6156;6948
3672;1952
649;7853
4899;7574
6227;7924
1736;1884
2785;1309
1099;5530
2158;1979
1385;4914
8740;6988
8840;4182
244;7284
639;6301
5806;8094
3745;997
490;3777
8079;4177
4983;5277
4963;5541
6752;1815
6896;8525
4269;2302
2765;9500
9051;6116
3316;1146
1183;7329
5386;8340
2796;1269
9749;3557
493;7361
6699;2777
2140;7625
5520;2205
5625;5890
8837;724
7184;8834
531;2935
4733;6278
6356;2879
7279;4830
9701;9108
4904;5916
1043;7609
5130;6547
8541;300
471;8701
8972;3302
8942;1168
2717;975
3921;5863
3906;8858
2327;9170
6943;1068
361;7696
3655;5458
4206;6988
1072;2880
9035;1209
8473;5308
3423;1553
3714;1196
7846;1261
3124;5499
5309;5521
6258;6053
9387;5202
6688;7649
9913;4465
2628;56
9433;3561
6732;6503
4128;9826
2634;4672
1385;1833
6938;3146
2447;3911
9277;2405
2639;885
9783;994
3565;5722
2841;4266
1354;6037
8389;5228
2555;8917
7140;4463
4596;7343
4131;8832
855;5680
5763;6711
1346;6122
9106;912
8778;2794
8675;9087
6321;5274
5076;5438
7781;8709
2017;6836
3121;3418
2967;1094
2220;2884
6466;5050
7647;5392
9545;5385
2806;1208
1995;5624
5286;4161
360;8677
6510;3773
9401;5417
7829;1655
560;6327
118;3798
1434;5017
8604;8599
7679;9563
7184;8989
8891;31
6801;5855
3001;8293
592;9127
9527;9322
4458;2325
599;1489
5470;6171
124;7090
2101;6947
5653;3323
9661;5661
4581;8224
1489;4835
6146;5716
1500;720
3368;8836
6469;89
4543;458
7106;2436
2204;6388
5392;319
8552;6572
1927;2918
301;6334
1093;426
2568;1081
3757;9806
1035;4677
6879;5670
3905;3843
6959;3536
388;8367
9535;6581
411;9616
110;1147
1017;7958
2802;725
8579;3021
1808;2905
2298;9418
7309;8892
3743;4566
1855;555
9202;4525
5445;5729
6466;8395
7552;8473
5350;1762
2131;7360
1722;4917
7323;1511
8099;2108
4980;1033
9980;4002
6410;5834
6011;6661
9826;4334
1772;6879
1843;1523
1562;5492
80;4008
9870;7425
6435;8239
4426;9652
909;6917
5657;5992
4012;7749
3213;738
1704;8192
8802;1446
613;9576
5985;4945
2818;4098
1839;9576
8884;8593
2412;1002
5044;9665
3746;8543
5389;5829
2935;3919
2820;3617
9134;4530
3072;6279
2754;8957
4632;5645
2143;3250
3593;20
1028;2721
6581;3550
6647;5492
6758;5401
8115;818
7618;314
6866;7357
6788;5618
6209;3963
7390;3620
4999;8344
7625;2447
1234;6968
205;2872
4963;2971
2033;3431
6338;7523
1062;1244
3850;4067
1696;1308
9836;4180
2254;2812
5201;8422
8054;6972
2963;5452
1492;7292
700;7951
6096;9752
5286;4452
5048;7430
9387;2026
5838;1301
8118;5973
1880;6587
5988;9159
8719;1884
8794;5432
7224;6552
2482;8690
8629;347
1167;1590
6621;8122
9474;5637
9812;1576
151;7454
3868;9496
6511;4386
6349;7703
692;6294
8854;7
2915;9377
476;1881
4003;2165
3772;9254
3251;3453
9430;5896
6409;6871
8676;4143
4025;7034
3080;5413
8673;7766
9858;8906
714;3776
7053;9142
6132;3318
7027;5618
6730;894
8584;716
2513;5845
7763;5256
8421;4793
4816;4568
2770;3345
228;1840
2707;5190
5783;9598
2797;4814
7593;4697
6458;3373
6797;6915
6369;5997
192;6383
9213;2776
7462;449
2159;4952
3835;6304
3332;2529
7050;1717
6189;9369
5297;2572
8206;7143
8463;2534
7560;41
8436;7148
7601;7999
5501;1957
7819;7415
6919;1785
1752;4800
671;6259
6804;614
2047;4844
8308;7663
3264;3201
335;875
6633;1488
8722;2992
9911;4420
7586;3792
8431;2320
9196;8822
2371;2201
8496;7290
9077;7991
7778;7780
9754;9423
4082;4739
7031;9814
1713;8327
4917;3987
4976;5126
5483;8938
1650;7468
7253;1484
6078;4700
8710;9099
1807;554
6613;2425
7637;6994
2863;515
7696;6384
5570;2799
5640;654
9644;4933
5508;8235
9762;9256
6845;6976
3871;4393
9760;4009
8539;2704
6317;1567
8391;8735
8306;1144
642;6612
7817;7054
2323;9390
6313;4462
2132;8797
9889;6238
1114;9492
3306;7624
6308;8005
3013;7631
9375;2863
9882;1332
7834;9045
5652;7756
9977;6885
3187;3978
5801;2798
9568;7166
5381;6828
2775;2865
2949;9865
7241;9555
9695;1647
933;6702
782;9150
6756;5905
2399;3806
4085;2503
2800;5180
1995;8069
7258;8150
4369;2577
569;432
8501;8708
2366;7391
2995;9768
9860;1460
7856;6991
9813;4209
9478;1602
6593;131
5924;1986
5947;2551
3360;6510
4787;3724
2815;8134
5712;3123
7506;7793
1273;220
4925;9740
7032;653
4588;3492
4375;7535
1887;3888
3722;2934
858;2821
6294;8014
3811;3691
7906;4211
3801;2338
1422;1959
6635;6289
5404;7922
2787;7507
5307;6489
5962;2524
86;6368
4297;7826
1508;8510
2224;7679
5649;7316
5865;6171
6044;3096
2526;5226
5812;99
5287;5537
1693;1064
7021;7971
6386;6238
4249;8825
6840;2034
170;3528
5214;2138
7932;9851
6121;1755
9734;3521
8447;3875
4731;6227
2575;5009
8857;8448
4133;6643
2664;7297
3543;7844
9082;2594
6600;3872
1583;2776
5029;5470
4663;5937
7608;3574
2795;259
1757;4567
1013;2435
2744;1953
182;2272
2649;1319
2644;6624
4037;6806
9423;6021
3953;8957
8458;2939
2274;5775
4436;1510
4734;1094
4726;4664
4987;6966
2616;6180
1981;9647
8622;1932
8596;1999
2991;6746
5026;8637
7649;690
5677;3998
3890;1395
1529;7644
2819;7037
827;5593
9224;7995
9728;1229
5938;3859
1124;4449
4981;6499
4215;3083
3838;9158
9635;6364
39;6194
4924;6214
4921;8010
2955;8492
7898;959
1594;2957
5857;2553
6267;7707
8433;8211
8416;1084
8786;6917
1876;1665
1268;9683
6080;4823
1891;6520
9719;2592
4870;4709
981;2054
8670;3640
809;6343
7974;9185
3776;1486
3781;3672
7091;1770
2430;5855
2038;6104
5794;8990
3700;7934
9076;4099
4229;1658
9716;9825
2086;9209
750;9886
4723;1507
4632;4081
4979;803
9022;9044
2090;1592
4309;482
6688;9753
3765;9528
5391;1824
1129;1996
4690;8919
7155;840
5690;2697
6192;8917
998;4015
6219;1262
2521;8382
941;3545
4287;6234
500;6080
7533;128
8166;863
6236;5484
3982;2443
39;6226
2732;2130
8091;1787
2843;9045
1699;7349
4885;804
5900;4875
3150;1270
57;8546
1496;2711
5411;4529
5104;4981
3166;1676
3075;4865
103;6689
2926;4612
22;4586
6929;9871
8332;2883
1991;3721
4040;5798
9298;5303
8062;3011
7307;8680
9285;6024
1832;9987
163;4024
9950;8657
1706;270
252;1600
3752;9531
544;7552
76;6833
5556;2495
9550;7889
1400;6068
3885;1985
610;3165
9734;8791
1401;4552
7899;1613
7487;5268
5259;915
256;9801
5614;3625
3399;8622
4134;5657
1198;1477
6339;7402
5572;9082
6613;4496
3749;6298
3129;9083
7921;6716
5796;22
645;679
1287;3972
4875;6196
4600;3176
5522;4974
9678;9868
203;3811
2593;1732
466;4995
9569;7585
1185;8026
8646;7563
5029;8958
8228;7479
998;2991
7907;2739
811;535
7002;3239
4651;6922
4046;6972
8213;1169
6106;6764
6322;9764
267;1483
4455;7311
853;385
8465;7048
5061;6791
4475;756
6539;5248
5519;9367
1158;4498
8790;2727
1721;7123
7580;9363
8686;5578
4939;4884
2114;3445
1886;672
5986;243
1603;2916
9824;7872
2467;5703
4074;6883
6995;876
5155;1138
814;1697
3218;165
5643;6933
709;9516
2912;6963
2623;793
140;3699
8;4642
489;1711
6674;1985
6984;8792
5369;1032
6849;388
3737;211
8103;3809
2246;42
114;4948
5990;210
2163;2360
9780;1590
9242;953
1241;6855
2263;342
9780;7408
683;922
246;8872
9122;4103
8847;2127
5991;1856
5464;1985
1352;4666
894;981
3288;6335
9755;1495
6928;8682
9765;5406
7889;9109
5985;6860
2448;9268
4188;348
9970;3599
1014;3289
9290;2397
9798;9543
9614;5224
48;7916
8262;7009
5435;7579
2098;952
9828;566
6859;9492
3467;15
8758;7014
1634;1676
5707;5723
6351;5352
1301;9174
7584;2390
3321;6301
4157;5145
9899;2481
6198;4384
758;3167
290;1045
7931;9911
5706;9445
277;8251
5132;60
8711;1817
6078;1361
4605;7324
9832;1817
2066;598
3256;5138
5913;4717
4969;4131
1108;7500
1556;1101
6093;7061
1310;5650
2052;977
2718;3920
2458;6728
2405;6882
2436;8494
2593;9077
5446;8129
1228;3381
5589;6229
8926;1843
7436;2523
5598;7385
1699;3548
6223;6283
4288;9526
9610;6703
8345;1697
6176;4335
3694;5958
799;2123
5820;8603
4615;7504
6949;5205
5256;7147
5123;4216
8485;6206
3239;2767
5443;6333
8950;3293
8791;4307
8058;6134
7909;1035
8555;5043
8025;8883
9843;9677
652;3828
1811;1551
3019;7762
1433;7707
2344;5415
344;9386
6719;9862
5456;1366
8150;292
6077;1317
4860;5886
5247;7513
9365;9972
38;7541
5996;9398
5392;280
6595;5052
8794;8347
5889;822
8499;8446
8716;9910
6346;2623
9714;9414
7314;4301
2324;6328
1848;9124
8069;731
3757;2174
8914;4818
5997;9907
5251;9641
9007;7263
9512;4958
1455;7867
798;1424
1209;7960
8983;8507
5132;2759
7750;5981
9936;7319
4744;1604
2709;2649
3617;2714
8982;1829
7112;4829
8235;182
2538;6098
1597;8168
1004;2426
4153;5609
9582;4493
4770;1092
1226;4465
9611;954
703;7235
1653;8124
6073;8241
7401;2270
4296;7540
3737;9217
6466;7697
2392;9369
2839;1263
6866;2038
349;2154
6790;4957
5614;4054
7715;6056
4588;8151
91;7584
5951;1945
9807;1079
9073;666
4077;5317
9005;2911
692;8422
276;2522
5692;9563
8524;9438
4370;5356
3972;3261
3175;940
3581;4650
5584;6014
9363;1271
3275;1625
8765;7015
5058;4401
9318;5466
9923;1081
3787;1187
7303;7699
3973;5297
7189;4590
995;5015
5075;498
7399;391
1900;6488
1760;5254
7107;3144
9578;3596
3752;2535
5218;7025
8192;9861
8405;3743
3277;8324
5347;4561
3243;4796
8957;6882
506;3141
4843;3275
9413;6676
9727;7317
9704;1197
6790;5691
2883;5218
8086;2196
7994;4645
7580;6277
9425;4977
9670;5967
8247;5288
7078;2718
336;4774
8930;3485
9086;4403
4494;3673
7838;3389
582;3046
7346;2584
952;5549
6565;4667
4154;3161
846;4037
2222;3328
214;7713
6395;9331
1832;2208
7590;3002
4983;329
8743;9637
3930;6199
3360;5632
3885;6368
9584;418
7969;9852
1941;5597
8540;160
3546;5835
4527;7931
11;8040
7559;3680
2531;7601
3541;6317
1733;3085
3101;4619
5724;3676
3844;5622
5493;6834
9721;6025
8312;7215
7976;145
5141;1700
2110;672
1118;9543
118;6574
9217;1113
813;5827
5899;3472
7510;9360
4122;6132
7548;6581
3525;5722
8183;2165
9729;4009
4211;8398
4763;9759
391;7308
8406;1238
2175;2057
5898;2819
1559;7617
910;6131
987;6642
3911;3422
7122;7600
5163;8465
8061;8754
8451;8155
2095;3361
6347;6230
3464;8599
317;9021
737;3153
9326;2017
6412;6122
8682;5135
2141;3007
6861;4100
2557;2850
1782;5065
2127;4333
9580;9730
3681;7606
8307;8596
4265;2915
6208;698
3899;6763
9199;9220
5398;1209
5012;3690
8962;2199
2114;1129
3504;8367
9939;492
7769;2606
3239;7001
8263;4892
7436;5564
7689;6349
3727;5381
7159;1341
2418;1039
7795;6494
444;8929
2490;2991
4365;1670
6606;1213
3281;7333
7127;4884
7018;4784
3451;5199
3738;1176
9370;4160
7663;2761
5038;267
2019;5548
9769;9093
4468;8092
1350;5811
2355;4679
5235;6753
2853;3547
7449;2263
8795;1405
8324;3690
4373;2499
313;3242
6174;7732
2014;6578
4087;6935
2282;4538
3499;5305
2855;2205
4891;3199
5239;596
9473;7059
7822;8752
9788;8003
2101;1683
2386;3852
2738;2752
5581;9748
4756;7375
9096;2358
2601;8657
3950;2692
9;4551
330;3016
6691;420
8408;4001
7668;545
2034;9324
3783;7005
8100;6231
7362;4625
4985;2264
5336;6251
1921;271
3183;3457
7418;6148
7004;3988
8936;6289
7772;8734
7861;4677
1310;7830
3582;2722
9935;7609
7933;8495
6856;7551
6613;5847
2397;9123
7317;8037
1903;6471
5276;4976
8797;2269
5635;7953
2674;748
8702;805
1522;3873
8463;1895
9246;6007
6967;6964
4480;6945
7191;8965
4362;3209
4817;7309
7425;2672
4983;5608
3032;8181
3532;3984
917;1708
3531;9234
3264;1711
6896;3806
3538;2937
7866;2365
778;9639
9755;3000
5447;364
8912;8602
3066;4840
151;2830
4893;1294
6053;4178
626;5524
8480;1164
6776;1482
4397;1414
5746;6764
9685;7508
4859;5398
4000;2852
1678;4668
6934;1560
1738;2274
750;7350
7552;5103
7770;7799
3166;1115
1152;1941
6883;1395
6213;1180
5835;315
5740;5736
31;7906
6785;1449
219;52
8333;4665
3449;8917
8931;6125
2573;8132
869;8336
1089;4719
2826;4691
2702;2435
6048;2816
5800;9332
31;9030
6585;5634
2499;5612
1089;6766
4978;7649
5472;346
9704;1638
6075;5232
5766;3720
5542;5390
2408;1471
9000;1227
5242;9488
4737;6302
6738;5675
7158;7899
5837;2086
5856;5774
2754;1479
3567;4611
4143;8279
7529;2195
667;609
3260;7115
3702;8199
7165;6941
446;9556
4535;246
6985;593
2464;3580
7041;6066
3022;7567
41;4635
620;4673
5943;8150
8907;4854
5782;5826
6789;4310
6324;4398
177;6857
4395;6042
5946;7065
1458;6882
7236;9237
1845;245
4718;6528
8678;448
6733;106
9958;4921
2303;9069
3574;4672
4966;8064
4041;5761
2066;1013
5666;7285
3709;6173
6544;4643
7932;9882
5284;339
3806;3757
7708;8436
2156;2867
3868;2918
4401;462
6709;4685
3589;8196
2435;6676
8139;9477
9240;1703
8029;7565
5411;2988
5194;9339
42;3101
4770;291
9590;3011
1482;6222
1332;9327
5937;2352
412;4436
8904;1147
621;1209
7725;5984
309;1230
7972;9007
3894;3083
5126;7988
6339;5144
5669;8824
2628;5514
4261;7425
6832;289
3900;7168
5623;165
8907;5850
9280;4558
6375;9123
9131;1853
331;5753
4189;4195
4283;3750
1244;5318
2019;5383
2131;284
3615;3429
9033;6765
3418;594
3715;8468
9468;9008
9410;2698
9278;6905
4699;5662
5201;5184
7180;1096
3703;7415
986;77
6785;3002
6275;2466
516;4757
711;3316
5199;8914
2635;817
4024;7733
3161;5853
2231;2296
9719;7091
6810;5815
6745;9678
7517;5845
118;82
3623;7166
746;4381
7199;5762
9249;2400
3000;8343
8076;5496
7022;1141
9607;1503
686;6349
8768;6363
5243;4481
6552;8340
1493;6204
6427;7313
3199;7723
9104;8656
8664;9686
2362;8465
3880;746
1724;4473
2364;3421
4642;4918
1357;1706
5566;5815
1394;6970
1776;5632
6435;1170
157;5194
4732;4091
3273;9785
6358;4424
9003;9907
1996;2837
1785;6891
8928;8892
5086;9680
4441;2645
4076;9480
3900;6070
4729;9699
575;9090
527;9616
6986;9888
809;1563
3020;9466
5424;3048
4333;5926
8792;7209
5694;4857
2740;7283
7815;8377
1566;3329
2935;6858
4637;2372
4010;4199
1556;6342
4653;9617
2429;5693
2189;6338
1082;442
4130;361
2218;4519
9187;465
4455;3761
7545;4062
9934;2676
1499;2121
7774;202
6855;422
3012;50
7454;3698
4905;6967
105;3822
8420;6269
4823;3160
624;320
5788;9420
9276;2313
1704;8920
4387;4629
351;1038
4776;6372
1046;7795
717;2226
442;9034
658;2715
1651;5441
4684;4120
4012;8784
9930;4880
1018;1188
3437;4101
6861;2975
6096;6963
7875;1699
7293;1289
3742;3344
3583;9293
4747;340
6332;8637
5608;53
2632;7292
3417;1711
994;7462
7125;9338
8344;4799
8632;3216
7645;518
1036;2616
6134;5656
7901;8118
2587;8662
8476;2704
8297;9836
7739;6967
503;8642
6858;5319
8937;2909
9208;6834
5789;2063
9415;6523
6964;132
8111;253
7776;8049
2999;9264
9396;8955
7680;8294
3297;4662
3250;4706
9696;6221
4121;4672
2593;6594
8732;6477
8356;8875
7865;311
7018;9189
8131;8526
5472;9431
5864;283
9533;1333
7121;9744
7528;33
2805;7524
1459;2233
4006;1002
3109;1354
1580;243
1467;9648
5729;2797
4790;5157
5858;2455
5282;9598
8357;4136
6895;1790
130;9528
7074;86
8638;5853
1395;6399
5060;3169
6023;3889
5735;4002
6627;170
8500;2773
4016;7935
4741;1500
6096;5364
5029;2527
2978;9323
6071;8684
7067;5451
9349;6203
2781;519
7333;5939
1181;4127
1408;4046
3248;8761
6788;4071
1815;9494
3592;8667
6185;7223
9986;577
5426;2217
2839;9365
5955;7972
3696;2495
6589;8911
3028;6780
9542;9249
3716;8969
8965;4583
5490;2304
9610;2129
5677;9229
6927;393
8003;9154
6497;4086
437;4114
5065;5534
5108;4527
7661;9514
8162;1832
5296;4517
5112;4746
5522;9722
7707;1102
3820;3656
1619;7813
7194;7471
389;7347
2620;3026
9943;293
2078;3568
9757;111
2765;2707
1263;7920
5797;5569
1461;2348
9218;4581
9855;1862
1439;1122
9818;4760
9391;3485
1271;5052
1599;1001
185;843
162;4002
1801;5488
7183;9350
8728;806
588;1679
2080;5935
1461;1203
3703;5026
42;9972
186;1925
342;9794
4835;203
3990;6688
2083;2486
2339;8708
9911;3881
2150;6230
9763;493
4222;6415
183;5500
6243;6425
9928;2085
806;3217
8672;4635
7076;1229
8577;7026
9883;3153
7996;9600
3180;3091
9344;4456
5742;5901
6806;2068
5720;1277
5934;925
7284;6216
6439;5872
6919;4929
1515;137
9184;936
1885;669
1713;2157
419;6309
7094;6104
3678;3602
4865;8954
9990;5565
348;9248
9803;4649
8261;4216
2952;2272
8163;4342
9226;3810
5631;9660
3130;9748
7801;9504
1146;800
4393;5936
9882;7234
5663;9959
6575;411
6875;8703
9100;7557
4813;1314
1341;9208
5628;982
1116;2403
4885;679
2122;1727
50;558
8389;4599
2863;5672
9604;6822
4062;3722
8294;9332
5709;3850
5380;7356
7060;9157
8887;8709
8310;7609
1670;8864
2854;8228
7996;6579
2731;2085
5482;5385
3845;502
8478;3031
7233;6090
1312;3101
143;5751
4999;470
6056;8646
8970;4964
5869;6255
195;5709
3426;6123
5656;1965
7364;5675
557;4962
7761;7546
3873;9220
522;3299
4896;1176
4572;8100
9277;7521
6991;4942
736;5607
9011;3372
5081;3533
1445;4287
6491;8045
1563;9368
2090;4290
4685;965
9777;2622
2846;5850
5999;4159
9759;4155
4702;8599
5999;3022
6025;4928
861;3001
3503;8055
7636;4119
1496;2202
7212;7622
362;4889
841;8923
5494;3744
6665;7019
7766;2054
6187;5749
7141;7946
6244;2658
8257;6426
9236;1949
6650;3084
9369;9026
6928;3240
5526;5466
9725;527
1959;4935
2505;4481
6496;2469
426;7555
2178;1886
7386;8179
2340;8626
4082;7965
1016;8253
9470;7982
257;4039
4375;1109
3454;605
1136;4958
9084;4393
1184;2548
2432;5937
3224;6014
3782;3335
8289;1972
345;1099
4370;5859
5749;3661
2542;6559
5299;8222
8539;1923
7444;7303
8610;429
1843;7429
6121;4140
2296;6695
5879;3366
8418;603
6424;4018
3368;2538
6635;4461
6240;2527
1939;9908
6761;5497
7109;8854
6842;8166
7199;7876
8233;1895
5503;8227
8012;7385
7612;107
4007;5904
3588;8214
338;899
6105;5247
9244;3319
976;8405
9106;3730
7924;7596
160;4407
3671;3082
8759;4976
6462;4567
8265;5907
1003;3383
9650;5169
5447;4334
7694;4700
7541;4029
9331;5015
5354;8063
9117;8193
9084;298
3070;1813
4383;3664
6189;8957
4345;3402
860;2319
6865;463
3038;3660
6412;4929
623;3381
4436;6705
3746;8829
603;3521
9842;4089
7843;4317
7312;8482
7806;9444
349;5775
9723;7833
4073;1175
4914;5222
3496;8613
1212;6901
2055;6490
6442;2993
5432;6135
7734;4278
4232;3517
3953;1754
4711;1436
1819;3740
174;6361
2362;156
6972;1368
3315;4811
8049;4217
4752;3024
3896;7503
9820;3724
5478;6043
9777;2245
6182;5159
2709;2540
187;2389
8271;5206
2762;4279
6603;824
3967;9396
8159;6449
986;8450
2617;6804
5889;2530
9262;683
5000;846
8259;7417
3274;67
2121;7844
2042;8401
9313;9169
1377;8883
7415;3354
8889;7977
1579;4207
5275;7587
5091;9240
3172;833
2791;8528
9924;4523
4803;4290
6802;4184
7601;1744
6868;699
1763;3891
1209;1130
949;297
8580;168
4603;2736
6643;2749
7690;8558
3904;2907
4352;6046
256;8642
8821;4717
573;7726
6123;7475
184;4724
7161;877
3294;5258
7627;4367
5366;9541
7838;9261
8361;3556
1097;3530
3324;2911
1435;8962
8277;1346
7738;3179
625;3169
136;132
2364;6465
6292;9230
3258;1818
9743;5034
1844;9540
9832;6589
6654;6858
2896;7873
345;5424
7383;8621
7564;8595
1360;7806
3340;7448
9457;445
2534;4222
7727;2071
2465;2019
9132;4229
201;9940
9383;8616
3218;3600
2751;7152
7128;1936
92;171
6996;2622
6851;5178
9419;9986
7051;4162
962;1357
431;8339
4828;9981
3765;5381
1703;5292
4150;5654
2592;4165
1594;837
1175;52
561;377
719;371
5329;8687
5888;6398
1982;8725
2953;4045
633;5670
2831;8353
5109;7747
146;9353
3720;9965
8095;1977
3968;512
3254;8147
6109;8863
6685;4855
5305;9262
7703;8092
9803;3198
4484;8809
3023;9710
1330;3738
759;2929
5858;897
769;2138
638;6822
985;792
2869;223
4257;7461
2588;4598
2125;3443
4577;605
7447;8922
1660;7478
5878;1994
7411;1634
9175;2581
4399;9768
9107;6375
79;3168
9324;2264
6178;9806
3988;411
8991;798
6164;7133
7412;8268
6049;7047
2689;2328
8930;2545
8936;5949
5453;5632
6233;7799
2268;7358
8781;4800
9373;5670
9049;8109
1633;3357
5077;8508
5816;3953
2194;9760
1250;4953
2301;1420
1742;4499
3522;5767
8728;9831
608;7079
834;3198
1728;5284
2949;3702
462;190
8768;1583
2750;6965
4305;4824
7293;8271
6333;6648
4497;3617
8917;6462
3420;1810
3259;6114
8387;8177
910;7946
6946;4195
8097;1067
8664;3543
9358;7492
9875;5217
2006;381
2985;1321
9003;2450
149;4432
6798;3832
234;6999
6342;5143
4868;3170
100;3328
4055;1613
5190;4965
4377;6480
2964;4162
3073;2423
8317;9893
9491;8806
7804;706
1283;7651
4257;3088
6541;9672
6987;3455
4580;2821
907;2738
7510;8177
4948;6837
1913;8724
9987;5820
4945;7578
9169;9715
2029;3572
9001;8931
3906;3760
7875;2967
9297;4352
9766;1862
5654;3875
4808;1093
4574;4947
5130;2075
321;3942
3917;7232
9605;1042
7981;750
8278;6699
9324;3523
5919;4363
9131;3564
2430;3488
8419;1219
1704;1286
3204;1860
6172;6475
8423;7459
2647;3360
4101;2385
4218;9980
9293;8130
5192;9772
4168;6245
6047;2219
8296;8715
3221;4306
3647;255
4174;1235
4120;7550
1608;1827
9530;6336
1995;1317
867;8409
2644;1827
5409;7129
8402;8695
4782;1813
3795;9086
6421;8493
8931;7787
9069;7003
7781;3965
5894;2044
5638;1805
4641;8969
8437;7392
2793;3403
447;4005
7166;7454
8353;8063
1575;4320
9192;8353
3251;7359
6751;1912
8543;9331
6080;924
1115;2450
8586;6373
1303;118
797;5797
3614;6784
8347;4491
438;3230
2994;1756
3958;770
4530;6398
4985;9341
1369;8565
6972;1280
3258;8225
5822;4689
7077;4133
1265;7723
2039;951
3572;7889
3692;6329
139;8493
7119;4263
114;7745
8453;5755
1609;4707
420;2946
5319;271
2007;8262
370;655
4530;5839
3093;5539
6402;8497
7078;2857
6737;9918
3347;7560
3519;8266
2775;2165
5562;4520
8979;2826
8706;6010
8835;5801
5788;3264
9485;5707
6817;6177
5263;8765
446;3697
5291;1340
393;9784
2707;6514
743;7214
9407;9201
2210;9951
6034;3326
7411;4285
5508;3001
6913;8701
9820;3278
9442;2527
4051;5085
8978;3820
8606;3228
8698;7663
508;5987
6711;7052
7271;9740
1365;9913
2340;2320
4529;7432
9378;4345
9729;835
3800;8645
8227;6039
3837;4071
257;8185
174;1503
482;959
2740;6634
6446;8813
5550;6260
6302;3750
5725;2229
7428;2136
730;9935
655;1191
8711;6317
5808;9241
383;5676
3003;8614
7362;324
703;5138
1034;7043
5969;3598
8129;9677
4463;4225
3993;2767
7858;1325
2224;1080
4052;1474
9835;5148
1270;5374
371;3447
568;4410
3521;7756
2512;253
8699;9406
2869;3394
1763;594
9062;4454
8612;6797
3790;269
6742;3395
4785;5321
5999;2059
9927;7897
2773;215
5150;9515
7630;9937
8458;5627
5023;984
7157;5370
5098;6417
6988;8240
1882;8172
1209;5939
9141;4305
4885;8403
5085;9254
4659;3988
9721;3353
7086;5173
4196;8120
9251;2769
9683;9370
3855;3591
4545;1094
7182;8825
2369;9202
2464;2905
224;5745
3020;5633
6028;1026
9271;3457
6250;3130
1196;9380
374;1840
3183;4786
6480;6645
1295;641
3143;6595
3967;9964
6401;3156
5887;8268
7008;5857
1394;3729
2376;4556
8105;4268
9687;1429
3689;4430
1464;423
8708;961
2619;1838
6268;2347
8403;4945
4862;4208
6039;2111
4232;9405
8869;3768
5341;9003
812;4740
4599;7827
602;8940
9407;6205
9880;1263
6749;7778
6506;2604
9073;1710
4668;6372
2062;6517
6325;2619
6973;1857
4303;8951
6218;4112
5996;5757
4592;1336
8000;6980
143;3255
6279;6651
8050;2409
3463;5694
8077;3205
4766;3156
1190;6723
6652;930
3730;414
7871;1283
8183;3505
772;2070
8023;870
1903;5374
384;427
4832;1491
4365;1678
4827;1684
4666;5932
4625;9935
9969;1955
2802;6023
2950;4315
1488;9725
4163;5539
8115;8640
5165;7332
6676;227
7177;580
7598;1995
369;8647
1725;2475
5397;3532
3143;9596
3241;9891
7637;2385
1541;7603
8395;6559
5692;9626
8251;4454
745;8184
8258;5055
5800;9009
5636;368
6043;312
276;311
8815;432
7877;9437
9197;5696
9528;5326
7448;7943
2093;264
5374;9346
1107;4971
1171;725
8041;5557
2635;8352
6812;2625
6764;3426
156;4517
9713;7839
5128;5034
4828;9633
8383;9694
8068;1651
6123;3524
9487;7267
656;7742
6674;7793
5336;2271
1017;7209
2353;5977
538;1171
3280;6755
3616;8921
617;9154
6414;8678
9650;8088
3056;9371
3857;3381
1687;4152
3841;1366
1424;4041
9299;6582
4913;3256
5875;8722
8701;1312
3946;7422
8985;813
4340;225
3387;4007
6775;7104
404;5635
446;8308
6906;4393
2545;965
629;391
9795;3880
9025;1422
56;9268
7985;6544
5966;4782
3996;1506
213;9121
1103;6907
2523;9765
9664;6602
1749;1922
7376;843
2535;3640
4258;5921
4952;3254
2395;9662
7230;1767
8099;22
6258;4643
8855;2250
7860;4555
9941;8603
9048;9086
5894;3456
7399;5130
184;5758
8519;4772
2353;303
1162;5834
5675;9009
956;3905
9933;3532
7959;1725
3330;889
282;6044
4710;4543
5870;1737
2301;4362
7218;7873
8010;253
9255;665
6917;5888
8921;3821
97;926
6099;7643
5118;2397
9429;4436
2665;8500
7291;9270
9621;983
3794;1934
8606;5462
1929;8064
1536;2590
1230;4838
27;6798
5278;9386
8656;3495
5137;6116
8000;76
8456;2520
3157;860
354;1733
16;1170
1461;4058
5928;1157
494;9041
3624;5703
3648;4257
7256;2746
700;6901
7222;8713
8238;9546
6104;6401
3694;1970
1490;7605
9982;6819
2687;66
9449;8063
7434;5911
7567;7706
1598;6634
1358;7989
9515;7913
4871;3472
5192;6045
4224;9802
4847;6658
7667;3709
9463;5476
1954;1853
1931;401
4880;4484
7137;3928
5281;3580
4919;5026
5998;4119
5209;9987
2383;1434
1855;2479
8733;7246
6651;4061
7746;1863
7905;7746
3543;323
8521;8864
7111;5768
7023;9424
4107;4255
1186;4457
8886;1340
8046;1420
5366;2307
5906;6616
4834;4701
3691;5821
3215;3944
486;9831
5426;249
3426;9462
2469;7791
5240;8715
7685;5142
3699;9249
2182;9361
3975;4116
5892;4805
1493;3762
9936;1710
7240;2726
7983;8913
9695;1180
9202;9706
7554;1458
3011;9724
5242;6077
6359;1047
8843;410
7514;7206
3530;109
6493;9715
4817;675
1134;7857
5064;4152
9563;20
3505;5807
4357;6634
2812;1912
1037;1896
7680;8214
3705;3914
1260;7562
3614;621
3406;4292
2248;1887
625;2431
9107;6617
1417;4562
5774;7304
2216;8289
2118;3502
8577;7613
7481;9995
3413;7278
9584;5048
9122;9147
6535;9064
3243;1011
2808;4219
7938;9896
8348;1184
2028;3880
1069;9948
576;8715
6921;7896
1084;8135
8422;9819
7250;9639
2121;1336
942;735
7776;9313
532;4179
7222;301
9079;4546
8868;789
8978;2671
4573;1058
621;8904
9218;7866
1411;943
9751;9826
8004;7083
9679;3350
9076;1099
7032;6338
8069;726
8680;1406
5418;7713
1549;392
7562;3745
1757;7100
5677;3217
5981;5816
525;765
5485;9005
1064;8771
2124;8748
3545;7622
7405;3017
4703;9407
196;9654
7339;3973
6046;8056
9109;4737
1233;1003
5661;550
7652;6806
7387;9007
419;4997
4997;6090
8706;7173
2915;6798
1704;8281
1025;1499
5860;2604
4710;3155
6572;3051
323;1266
7370;1948
8217;9424
2291;6460
8304;4683
2629;2026
3750;8617
7516;2752
6835;1907
8924;8549
7300;6551
5578;5023
7544;2394
6983;3579
947;7587
8336;6040
9270;5755
9446;178
2600;6242
5911;9
644;7569
8846;7411
7284;8459
181;9734
1274;5187
4200;1378
4714;8834
2377;6058
7506;1078
7817;421
374;2584
7629;9011
1252;3743
6427;5192
9824;3548
1820;2573
2842;8743
3220;6719
8473;2002
8597;7481
1389;4884
9916;8170
1535;8587
6892;8966
8646;3082
450;8436
1397;3140
1796;8870
4823;7972
376;8237
2129;9702
4152;4018
7337;4774
8610;1887
3356;1506
6711;5299
5995;6478
584;399
8229;2238
7195;4334
554;8863
4436;4083
2706;2339
1135;7171
9159;3418
4330;5311
5885;1661
9822;6905
8626;675
7503;4600
3609;2250
1231;9650
49;9015
4150;5695
65;7553
4257;765
5701;6471
1735;7794
4613;6834
9139;753
5719;5583
7848;5605
3565;6090
9390;2755
5536;3822
8190;370
9140;9258
3120;6034
7545;4647
8805;7548
330;5994
4071;2386
2963;6713
4143;9300
2892;4827
5240;4874
2387;1282
5076;2454
8198;2962
432;806
6000;370
3451;5101
3172;6529
1591;3375
6920;677
2286;7500
6040;7571
2264;8864
3649;819
3218;5450
5114;6548
54;8846
126;1935
5298;6783
338;1661
3410;9277
4334;4168
1734;4166
9833;8766
599;905
8952;4092
3688;9846
6152;8193
1222;7906
25;612
2719;532
9485;7230
3124;4168
2129;9363
5994;3054
7525;9586
39;9122
1010;8174
841;3977
4243;5604
7836;7550
7161;8614
7767;8827
2280;9527
9710;279
6339;1166
3535;9101
6186;2592
3166;5163
5469;4070
8399;7714
6248;3258
4159;292
4933;8376
4104;6059
5104;8339
6227;3815
709;4234
1749;8331
1903;1344
4984;7311
2348;5982
1113;1294
1211;6812
810;2113
5247;6044
5555;141
6408;1916
5101;499
8217;200
9071;3621
9784;9153
7920;6166
9801;9255
4634;4090
4084;6382
7418;908
9341;4647
5397;660
2702;3012
3848;6892
1246;8040
2872;6094
8281;3629
3559;6467
3458;7435
8686;628
1910;2850
785;3919
3584;4832
9005;8375
7677;7690
7617;6058
8665;3000
3252;4474
9789;6232
4975;1100
7077;1376
1184;3655
1980;3894
9957;7702
3512;3642
4970;3374
1449;1078
7405;8618
547;2018
5335;7194
2046;8488
6043;5845
2754;5804
3401;6567
3927;8909
2035;6701
1835;4219
2303;1684
9418;6740
5320;2743
3770;6072
5206;4555
7304;9058
6569;5930
1427;1296
8791;9992
271;4517
5125;8955
8647;1904
3854;2643
2736;8859
763;9157
4245;2384
7078;758
8774;8335
4641;7927
6929;2084
614;9839
2396;4816
7272;20
4601;4630
8541;1843
4867;8894
3887;9689
4022;1901
1840;8102
6335;9749
34;3059
9314;2615
5951;6625
1451;3084
2752;8646
275;8059
7541;6940
1252;910
5201;440
3992;9998
9566;8152
5993;9467
5063;472
5715;8310
6241;8365
6183;4083
9600;268
7480;8386
2012;6146
1542;2239
2693;3108
5453;817
1134;7191
98;8656
1736;1515
9468;8437
6957;1852
2166;8666
4714;6861
748;8234
2520;1694
6418;8674
339;542
6266;8183
6560;5748
7792;4997
6580;8599
743;1531
1531;9615
9442;4861
5442;4225
9742;3583
2730;3098
3474;5856
4353;5057
9854;8523
154;4516
7690;2627
7001;4679
4426;6302
7155;2364
8062;2105
8973;237
5836;2147
2533;7495
9162;1047
6060;591
7773;3715
5131;1466
7291;2193
5558;1913
3502;3445
2567;9241
3504;7816
3445;147
8597;6137
8177;6888
6288;1967
2750;2238
9112;4295
2793;7451
6097;5184
1005;562
8665;6288
439;651
6485;7977
7096;7446
423;4850
9560;4590
9054;1862
389;9217
2452;5970
3882;117
1951;9242
7471;1670
7410;711
9494;1010
4133;5913
4360;1393
69;4984
7274;5663
136;2503
4539;9844
8636;4834
2244;8414
2564;3611
5654;9605
8346;7264
3958;1198
2033;5950
250;4720
8308;9147
4531;8678
6791;9281
8369;9539
5084;9246
3408;2527
6746;6420
2383;2977
8972;909
470;3017
9124;1115
6904;7597
1469;5454
1584;8579
5482;5079
9121;5444
4896;8789
3195;6511
2313;7964
7428;5033
7654;6321
5066;475
9951;6577
8671;6408
1098;3669
2762;2976
7027;2108
6894;3694
6497;3235
3985;3455
179;6681
8914;7038
3053;9177
5351;5190
1255;2999
4586;8371
472;5804
8735;6650
6738;3382
2108;7901
2048;6950
8749;5469
6611;6986
1213;738
6740;6358
5486;5713
2393;6483
9615;5587
1220;1614
9123;1593
6569;8010
535;9903
5380;6672
5471;3296
8154;656
1681;8431
7242;503
4093;3090
1593;4284
8529;4553
5793;1917
3075;2381
8751;6985
7243;6334
2680;3089
7073;2864
6196;5939
5102;1708
6265;6834
7706;7461
2519;7980
8781;9695
4015;5157
7926;9179
2906;8657
3330;7074
1690;9141
4454;8576
697;1067
7213;2432
326;2688
4884;2990
8149;8272
1249;1989
4466;5163
8551;3193
1142;5558
1818;4120
7640;484
2778;5636
5042;1355
1172;1988
3549;2687
8598;950
1457;8092
210;6210
3944;511
2542;1869
8106;6770
1561;1951
6671;6045
3608;6236
6532;1562
3342;7374
9858;4968
7012;3250
4886;3207
6421;2865
725;8427
8811;3637
5501;2507
555;2929
9983;9090
8015;6885
9493;7696
7245;5185
5315;6415
5273;1225
3110;1990
9663;3377
9898;8668
9749;4518
3053;93
2496;3793
4462;1744
8283;6702
504;4949
7076;7041
3835;7304
3441;6978
6075;8543
9623;9561
1485;5298
9545;1391
422;3020
2969;1806
8005;8386
8308;8968
7730;925
4618;2514
2038;8319
8147;7086
1813;5848
6477;955
4604;6794
3800;9219
7044;7264
4122;1601
318;5853
5330;749
8855;5860
5946;8112
1466;5332
8132;982
1010;8129
5049;6057
3424;7422
8035;2056
9405;1530
9206;6288
2390;881
8105;7881
4605;4000
6774;3375
8901;9914
6249;8801
7846;4105
8896;6023
3132;5289
5220;116
7732;619
838;8875
426;7708
9133;5148
7356;2822
7822;7632
8055;5978
3078;6011
4065;5309
3207;1878
6674;5025
4945;7734
6595;3589
9356;2556
2449;1282
1064;3924
6817;9277
4064;3478
8339;5501
9743;4621
5798;6153
7872;8809
5507;5512
9333;9501
6420;891
140;919
8326;3990
9890;2111
7283;4737
4221;5530
8977;8744
71;3282
5110;4931
4584;3568
99;5591
3334;4397
5383;7159
1250;1634
6468;6336
58;3664
3444;2822
9376;5502
9200;6906
4690;1076
779;7422
4355;3570
8423;3175
9506;207
3713;8837
5273;9676
2929;4520
9100;7512
4251;6787
2075;7173
7756;7645
2198;2301
5279;7280
4298;8715
3189;5710
9892;3046
4854;8316
1721;8623
1157;319
1913;8179
6824;5650
9769;7291
7494;6379
5019;2064
7487;9898
5053;9504
1054;2392
133;9280
516;8773
8863;1112
3142;1217
7294;2910
4897;745
8989;963
3246;8822
53;4968
3079;8913
2720;7503
9549;1092
3408;9657
9084;6370
6353;1974
5192;1209
1864;2601
8791;6866
9091;2599
3757;2660
6745;1726
7125;7040
1664;6700
9973;5400
4337;7950
9384;9024
2522;131
4090;5212
8978;6353
6411;4702
6968;5962
915;8815
7690;973
5867;5414
7070;6819
6989;9735
5458;8918
4298;3393
2700;7797
1869;2505
2750;1935
7256;3723
6570;9361
2003;5211
9393;6115
7172;8118
8593;2138
8166;2936
1395;2886
1225;4288
7437;8033
9945;7137
9814;6976
3929;7210
9622;4572
3231;8494
3291;9486
1663;1069
9000;1879
9216;3271
8328;6755
8868;3169
1987;4221
5857;5724
3923;8181
8151;3601
6384;511
5287;1605
9668;8649
8999;6965
4142;709
3152;290
8900;3739
2355;4915
929;7508
8350;5572
1021;8384
763;838
7847;5241
4143;7667
9567;2124
6324;442
3144;414
4131;1462
5156;6644
1170;4551
4281;774
9046;8551
4890;3733
7710;2889
3205;2341
2866;3088
2332;4355
8346;143
173;6298
9202;4009
4645;1978
6902;8098
3988;174
1447;8655
6003;5824
6497;137
8988;216
2672;5337
8880;2223
1068;6873
1647;4375
3721;4875
7303;4716
290;4241
2140;7821
506;3665
8684;6074
115;7790
8721;5388
3964;3296
3329;7905
3642;9517
5257;7883
8662;4272
3226;6011
9566;5981
4792;1650
8513;3863
4208;2151
7923;9030
4468;3328
600;638
8102;5385
5346;2895
9672;4196
564;705
3955;8653
4584;3970
7748;1029
5540;3214
9953;8760
5483;2037
4137;2877
3133;5146
116;432
7182;4255
6287;5687
7376;7932
2388;7600
3725;5678
3192;9167
5184;948
7209;7581
7836;2607
906;2824
9258;9421
8184;6322
71;7552
6884;580
5917;6774
8942;5361
3083;7108
8509;5873
8845;3971
2785;3689
3213;6519
3646;1685
2221;881
4234;147
4156;7229
3578;2367
9210;7211
4078;4558
9897;6208
1185;6724
4295;3043
2009;8226
6677;8336
9700;4233
419;1515
3471;6984
6192;5642
9908;8833
4426;8690
9796;2451
4758;9678
6137;7190
6766;8138
3253;9663
5679;5830
3885;857
3941;287
1101;1739
4521;841
4441;4240
4681;9075
5242;4745
9550;7344
4354;2779
3310;930
6586;8430
2030;1691
95;8271
6293;3649
5725;983
3625;3868
765;738
426;5171
4020;8488
635;784
4206;8754
3663;4826
1690;2238
7275;6724
4359;2658
2040;2070
2031;9561
2739;7255
227;7545
8681;254
3337;6341
9270;5375
9290;5474
3364;5476
2644;1885
965;1189
726;8787
3621;3030
7890;9300
5535;8908
6286;8960
840;6529
7601;7051
3752;7459
9187;7912
7369;7194
9689;9860
3816;3486
3848;1159
3067;3395
3483;9610
350;8048
1858;4754
2309;2947
1577;9417
271;784
1987;413
4896;3222
611;6540
244;7847
4629;5746
6871;6602
2572;2282
2965;2396
3500;9001
9692;1325
737;9560
1980;8924
9957;240
8755;251
6831;1296
7284;5223
7789;3367
4750;2598
8531;5296
6413;8274
8825;5907
3801;6172
8899;3794
8263;2837
2217;5963
4891;152
1848;8299
9363;4049
2744;8258
5540;948
254;2932
4824;7814
5997;3681
9205;6181
5793;1912
8691;5257
787;9249
397;4326
2134;9347
934;58
1631;7896
5968;50
5564;1998
785;9939
6673;6
3566;7791
9657;8187
8673;6088
8881;1106
722;8614
3096;8504
1460;6829
881;2631
546;7877
2229;6479
8218;4306
6277;5173
2518;3763
2487;9890
6274;5484
2804;6129
9339;9196
5241;5858
9739;1247
5173;6169
3323;2195
9214;5406
5260;9893
7950;1425
8315;2199
8052;5640
2212;3799
1333;823
5590;2406
8139;215
7064;563
5169;481
4739;659
3272;1252
4141;2398
9062;9563
2992;3923
5302;8373
7507;78
8932;4527
8967;3888
2319;3011
1203;209
2871;1169
9326;3747
8509;8663
7555;7140
1642;6379
9299;8670
2273;255
5796;3274
1686;4023
571;5035
1702;8271
5704;4086
981;1868
2497;5932
9024;5826
3510;6639
595;8960
5120;3003
8119;9326
9780;2873
7308;5368
4977;7132
1697;5906
1508;1465
5129;8719
7166;3052
7251;3280
3152;4553
6081;4422
9648;5377
3377;199
3821;8102
3090;9005
8263;6130
574;8146
362;7212
333;8478
3434;6273
3114;7471
8558;150
8911;6136
2042;6312
1086;3588
7165;7396
8173;6716
442;3490
4226;1439
2029;4496
5562;6311
7096;5614
1620;8858
9985;6
334;9985
5809;4066
3887;2012
4786;2321
8987;1461
3028;1022
6952;8589
9784;1673
2764;1838
5203;8427
8998;6880
4572;6090
86;6716
4661;8762
4702;1438
5348;2608
9245;3670
4994;142
3361;8462
1187;7515
9236;4466
9415;786
10;6581
985;1930
9058;8953
8084;398
1125;1197
8270;1495
8347;24
2848;8492
9020;3056
3635;1472
4688;1580
408;2208
1539;4196
6992;1037
5460;3894
7357;8659
6139;6963
4398;3059
4564;3304
3091;9337
9977;4232
6663;8147
6885;5637
9049;6626
88;1514
9474;4265
5842;5285
5276;4963
266;4101
7258;5698
1875;4343
7771;1679
3747;4931
5516;7650
2223;8730
2610;5062
3293;1314
8849;5282
4841;696
5306;9680
2784;1202
4401;8465
1813;9642
6400;1513
6910;2155
2958;6033
107;5652
6737;7911
8076;8679
2409;5844
23;2669
8429;9943
2116;6083
821;9421
4199;710
9964;7154
6915;1539
8824;2465
2503;9051
6437;7286
543;5491
3566;5036
683;4786
8399;5989
8008;9090
8938;7688
3120;3673
5268;4072
8219;5812
9307;2339
2530;2692
1816;2325
5266;7926
6483;9177
1976;6216
8676;6450
625;976
2147;3389
7030;216
367;7154
5375;1940
464;7988
8457;1414
6802;2924
4042;9226
8105;1552
8239;798
6762;5535
4164;5185
1416;2139
4331;3407
4308;829
8183;4278
2944;1184
1966;8812
1614;9800
6759;2589
2066;3660
1880;9197
4184;7525
5119;6832
6925;3291
8304;4454
6950;9988
6528;3516
7419;4112
2070;6213
2207;1319
9493;1442
1465;2161
6693;5220
2879;6509
7807;3185
9251;3588
7764;8966
7076;7118
5016;3732
2721;7981
8526;8998
2434;32
7429;6937
14;8188
6968;9813
1203;1801
2264;2961
7073;427
2294;3752
9568;3597
30;2355
1166;974
1124;8818
7171;4328
2754;4951
3535;8223
6269;8812
5320;1959
2148;4234
904;1394
3437;7723
4856;5563
4316;349
8071;9691
3726;2768
7149;3153
114;7406
6314;8193
2241;3009
4215;2832
2748;3258
4830;9266
5706;2956
6418;7290
6728;2409
4942;791
4404;3067
8734;4208
4766;5210
9293;4991
6314;1561
9060;7579
1727;9020
766;4146
3777;4466
4541;7517
7236;9490
8333;1992
5562;3303
4392;8569
1037;2626
9593;2084
9673;2328
187;9077
7705;816
2191;6921
4745;9743
7104;6632
9822;8455
8869;4114
395;9796
2086;7156
1209;5368
3367;8389
9360;5175
7409;7653
4317;8658
6896;718
6795;1614
623;5164
8382;6173
7421;8361
4563;9129
4353;6967
7448;7238
6468;2112
879;6796
1922;9566
9845;8829
692;9537
8163;476
7293;6503
3247;7835
7924;5490
4442;5413
283;7527
1888;2598
9931;3705
6161;8123
543;4173
5053;9363
6610;5740
2753;4464
6278;9278
8441;1838
8845;6076
5819;3328
6173;474
2498;4492
9754;4643
8270;7859
5515;210
4332;2789
6555;588
1278;8600
9982;7321
2293;5991
7763;3540
9400;5504
3066;7701
4840;718
2973;1194
6706;8208
5631;4109
7788;5915
4923;4480
9292;6483
8554;7656
6528;2400
6090;4119
1992;5292
1943;5998
2338;2645
4525;4846
9679;1343
6909;5790
4371;8969
6175;6101
5975;576
8359;9427
1440;787
3395;457
4746;8482
9790;8623
174;4107
1894;3604
2213;7676
3569;9853
8677;8908
841;2142
48;9635
2663;9211
7273;2591
3338;8008
2293;18
2302;6716
437;140
7020;795
1463;9470
2551;2600
6532;4187
6969;1778
1678;4352
5274;634
4429;620
5710;5910
9181;4274
1445;6007
8628;7905
7476;606
3092;5873
7313;7821
6982;796
6502;2579
1739;4746
375;8726
7616;1589
1549;6533
2446;9935
8637;6733
4143;4574
1403;1987
5088;7899
9155;6763
796;1877
8565;7044
2305;5376
4303;1941
1552;1321
858;362
1702;3048
6782;7200
9864;9500
3188;5145
7891;4435
6812;226
8112;5717
4176;1420
4731;6913
7505;7275
8346;4939
4885;5409
621;4284
6889;3912
8453;464
9383;7271
2181;2815
7556;3204
330;9428
9351;1005
4196;5144
7419;6411
9174;6842
7478;2814
6148;8982
7544;3713
5483;6314
6856;6702
8217;18
5547;5006
3882;8115
6111;8605
2076;946
5516;3313
5358;7765
2497;2846
4348;1018
7950;5853
2020;791
7669;7193
3069;3052
5681;288
5986;1832
3374;5318
12;7294
4262;6215
6479;8740
6780;7946
4227;4061
7794;4416
1765;4862
7670;6470
4632;9566
3670;8921
5004;5148
2229;5345
2035;1857
2212;9418
5634;4260
652;2027
3407;6259
9675;4048
386;7339
8292;5757
3782;2259
5606;5128
528;6605
2586;8980
3626;6232
8013;2834
4444;9438
476;7683
2021;6927
2344;4395
7141;6118
3558;9445
8527;3123
2740;8818
800;7887
680;486
9069;5379
6533;9708
2958;8482
221;5505
3691;6280
5485;1199
1434;4822
6771;6594
6548;6101
9725;4549
7589;5007
9448;22
971;3301
2867;5433
2037;4284
1567;2174
4962;1761
9292;4474
9387;2158
3900;8433
4971;9178
7066;6049
1147;6299
6240;1295
8310;3532
2462;2916
8356;1424
4511;6514
7051;7038
4577;6691
8079;3799
3132;8553
8751;9503
1015;6721
347;4546
4883;9133
1882;5487
8107;2391
4642;7399
2981;5184
6288;2203
1652;6403
7547;9092
2600;4964
1536;7552
6653;9066
5641;3023
1569;3650
8513;221
7021;6135
252;9383
2453;2190
2112;6238
8732;5242
3174;7383
776;5697
5371;8930
2407;8455
4932;7776
6577;179
7903;1664
3786;1003
9717;6310
9053;8896
3978;5311
3092;8710
3582;1295
6506;2131
8107;4825
6740;9171
4996;936
6309;6658
8473;1878
7375;4219
9370;8610
2142;3710
1071;2935
731;3707
1647;6728
8205;6723
9903;4707
253;3164
3561;2376
2636;2650
1074;1385
3001;342
4669;371
4875;3134
1157;566
2772;8211
8746;1916
4182;4331
2654;7298
8951;4433
9664;9507
9048;6672
1933;8143
2040;9853
3342;1259
9726;8343
7468;9684
9361;1050
4866;320
8594;8789
8748;8381
6901;4483
2399;7528
5597;1016
8699;1198
5774;2280
1959;7981
8477;3994
4980;8909
4280;2191
9684;4684
34;8933
7991;6501
9041;6769
683;4935
7125;5737
5957;7582
1182;9289
6058;7614
8647;8417
9934;2220
6038;6480
2231;2043
2217;754
4084;113
7366;563
9141;1576
1780;5997
9082;3514
9536;5687
6438;7582
876;6896
8999;6816
3675;6250
9269;1996
8787;4845
4510;2231
6245;7188
7750;9085
9288;9434
7786;3443
1033;8742
6736;9612
4235;2197
6915;1684
8017;750
4988;3043
6720;840
210;1125
5106;4018
5329;5976
1003;2746
3248;3008
1210;8777
9906;7451
8967;9041
3999;421
1629;2803
7147;4299
5311;3010
3892;8140
9229;4205
9525;2210
6205;9155
5167;4455
7392;6447
3717;657
8652;1681
7377;4378
3211;5625
7272;2379
255;3702
8371;6168
1897;2543
8388;542
1645;951
7634;5564
5895;4634
7892;9281
6270;6290
2310;4665
4669;5256
5027;5764
4798;3805
8786;4849
3639;407
1160;4453
3832;3776
5161;5662
3245;5394
7990;6715
1189;2307
2480;4075
1614;6502
9381;1460
2457;1911
5057;1040
6813;5194
8398;4967
6054;1844
2762;4747
7151;4887
3673;548
6526;9453
603;2497
525;2840
1683;1239
8298;6362
3479;5614
6262;2196
4047;1156
4620;5758
6427;4300
5468;1708
1445;3703
8914;9572
3237;1850
8318;3209
8267;7277
8274;6856
8777;144
9304;9334
4577;1649
1318;7129
2882;831
3892;6563
4510;673
5144;4992
6154;9107
2571;1110
2694;9499
8597;4796
532;9523
774;7687
2804;6939
1586;6651
9980;5710
5646;3710
4845;6169
2673;7575
9141;8464
3135;3958
265;9416
9654;4056
313;9078
1378;3238
6511;4793
379;4826
1602;7353
8870;7096
5112;5965
3507;5144
1592;6199
8380;3104
9902;7784
1452;6351
8396;7232
98;7775
4484;3581
230;7020
3432;4291
9989;6628
532;2260
3435;4461
2775;4282
1825;7465
1036;5868
77;7886
1447;7267
3882;9369
5091;811
8500;7020
8479;211
3771;2497
3329;8358
1117;2444
3118;1300
7372;6178
5600;2627
7177;6462
5004;4246
369;5364
5003;6688
3300;5780
3700;4491
3346;7987
4861;9971
4004;9787
5398;1727
3918;8234
7751;2624
6940;723
7169;5641
1890;3311
8191;5003
87;4533
1605;4304
5904;3702
3070;2939
603;3680
7202;7119
2560;9489
6449;1963
7579;5726
2339;6734
1485;7761
7805;6142
3418;3947
3201;6841
2327;8645
5348;9697
1063;8801
8504;5277
2144;8
8487;2058
6798;1499
6360;4336
4183;3372
6063;9538
860;3508
1153;2702
1498;6064
9450;9260
574;8251
760;5931
1411;7156
2116;3540
3247;3790
6980;4882
9275;7232
9749;5352
8547;7806
4515;4021
2520;4511
7563;8064
2587;8634
6358;4003
8460;2377
3858;5105
8450;8667
5946;5454
1841;5849
1465;7711
374;8905
8911;3365
597;7030
1158;1442
1326;5936
9804;4008
795;2077
3644;4608
6194;5155
1627;8793
4258;4725
9221;4280
5320;6483
8527;1976
4814;3916
6732;8053
5599;1405
4514;1639
1679;5556
5875;2216
8884;2593
3535;5846
932;953
9513;9500
9896;9909
8785;8397
8557;6966
5059;2068
8399;9091
1567;1091
1045;5410
6544;7903
2844;1888
2594;1913
2010;1755
1476;1271
5208;8947
1053;1056
5823;5651
9077;410
9277;9246
9301;9197
1706;8328
9022;8119
7064;2345
3534;4940
4298;4406
2256;3407
628;2261
3285;835
9147;8152
8013;4863
8989;4245
5108;9894
4109;6726
3620;8918
2379;8254
8286;7012
132;5455
6201;8657
8557;5410
2928;2210
7410;2668
7878;1348
8412;6228
3297;5120
5366;4143
8570;5355
578;1912
1728;2611
7452;9695
2987;9588
7289;2494
983;3986
4247;6945
934;1168
6206;8119
5396;652
815;9817
2510;9464
5432;2262
3655;9687
6812;1788
2315;7161
1455;8153
8584;3210
315;6448
9265;1539
2228;2220
1764;7974
8845;392
1111;1607
133;826
3352;2087
3570;5994
5269;9272
2040;9083
9949;8295
5152;4099
60;5196
6189;3057
5862;5707
2231;9169
2963;2518
8137;9117
5621;4421
6001;1925
4983;4088
471;6757
8097;9918
6879;7030
2729;1391
3537;3644
5076;6674
1722;5836
2320;5823
6902;4202
9632;2892
2583;6750
1697;5471
3765;5521
2163;754
474;8254
464;3083
3070;6868
4435;9134
122;2107
8843;3365
6519;1599
4480;8167
4178;6790
9865;299
230;2758
7714;7586
7877;3707
1369;7618
3260;6152
2112;3260
7608;1204
6943;8120
7720;7193
7797;8830
9378;3929
7381;9980
7707;290
3905;1855
5651;7583
6778;723
6790;2089
8053;6403
1522;1596
9849;2021
6253;2343
6289;6478
3729;4762
9590;982
8853;8703
3856;7206
8450;1382
6860;6095
5289;4223
9629;3200
6388;7953
6014;8485
3137;8860
9582;6011
6097;2930
3158;1661
448;8765
7119;5075
9047;4616
6158;5401
8764;9655
648;9083
2391;4709
7975;1954
2758;3043
1217;7177
7913;7546
7453;5208
6233;6635
5593;1888
8134;7592
4148;6006
6710;2661
2617;8240
3059;195
6294;9257
3322;449
3191;5914
3530;3165
3529;1018
5246;2019
6759;3906
9670;9210
8461;6203
404;1986
9610;9585
5390;1756
3683;87
6651;5567
2884;6562
2445;9210
3345;9275
179;979
605;8287
9996;5193
871;281
8368;5016
617;6791
8175;4781
6943;6408
6809;3093
3753;8483
6624;9297
4326;6068
2721;7547
9103;1417
1472;4698
8663;8221
9487;487
5728;941
6745;1085
6820;3094
9555;9978
3669;3153
8671;3379
6900;8843
5398;850
9610;8056
3870;5713
6513;7318
791;3921
5034;6853
4892;4559
8413;4602
7111;9919
7239;275
9083;8145
5100;4489
1894;6905
6053;7364
9270;2197
6486;5552
9376;2467
1604;6627
7215;4538
7239;4985
5249;4488
1003;3976
3343;3600
2880;4862
340;6774
4274;4353
8696;8365
6273;8997
465;8331
2408;6482
7610;9789
8569;1051
2169;7572
2865;2633
2071;6257
1239;7066
6578;5261
401;7832
1250;8074
8274;8078
6098;2463
3549;5421
2171;8578
168;975
1180;2303
9625;8389
4;1869
3779;8278
6881;6819
3598;8378
8955;9723
4671;9984
1452;2692
8676;6793
7225;2723
1039;3158
1663;2156
8973;4909
2020;3137
816;7426
2120;7860
7084;2419
3089;9591
6073;7036
8264;2986
1949;6299
5762;6074
1295;2651
5318;401
4830;4442
6968;316
4655;8539
7875;7142
3775;949
212;9070
3877;3321
7372;3011
9404;2500
7976;350
785;4946
7174;4584
7380;7722
2537;5149
1154;3052
7490;8406
5406;3960
8667;3694
8952;4385
4849;9678
5115;8377
4194;3754
6575;9421
3371;5214
1681;2785
6905;1068
5188;887
7540;1956
6533;4122
8759;4403
1762;7309
8730;4848
992;5005
897;307
1910;7281
191;345
1210;1248
5415;5076
129;2603
7731;4352
7239;5785
2387;3985
1548;951
5821;5882
1603;886
3106;322
1777;1254
1341;224
5208;3101
3021;9259
3968;7434
9706;7900
949;7844
354;4101
4684;8675
590;8216
7868;3010
8864;4952
2679;6883
2974;8686
1203;3568
5739;2342
7188;4505
1754;4113
6200;1525
8094;846
4832;8368
618;1630
6014;8183
4046;238
6745;7707
8443;481
6571;8096
6852;4220
5;7035
8915;7833
3738;6653
3073;9262
9995;7035
5613;4404
641;5685
8258;8598
2780;9121
7274;6207
5498;4030
6105;8908
9103;1844
481;1184
2811;2446
9594;9734
4110;9808
9480;2037
3270;4813
5053;8163
9394;8248
5366;9027
216;10
2646;3819
6469;8944
9366;9038
3024;1406
9251;1703
3275;5638
7432;9702
249;3363
2212;2919
7800;9602
5891;9864
7889;6672
4929;5820
5451;8545
354;178
625;7333
7779;2631
9242;4498
2637;122
6367;5598
335;9063
4426;8861
2894;233
6991;4680
3355;6976
1656;5262
6716;835
582;1058
1533;2623
5291;3403
9394;1050
3068;778
472;5511
5933;9550
2096;4402
9569;8671
3862;5430
8809;1835
7177;9774
8334;9905
9350;7671
2094;1025
2335;9027
2602;5771
4054;8988
1778;9942
5870;5062
8248;8139
3227;9336
2177;7171
7734;6620
7561;9473
8023;6925
3693;3249
3636;8597
2009;7845
853;6626
1917;9971
1901;9182
9338;8838
9312;4278
4692;6000
5321;7586
2859;8771
2142;1921
6213;4432
2731;8666
3281;6147
3212;1505
9793;483
7516;3230
5922;746
1999;7109
3378;9964
2801;5307
8681;2272
1535;8215
4418;1707
5530;175
8583;2973
7302;9061
3193;9605
4174;9438
7292;1145
3058;1635
6206;2432
7283;1935
8404;4930
2053;2328
3731;2105
2623;1777
1898;8336
4632;4797
8121;3552
9108;7294
3583;3871
5688;4072
1988;1856
6267;7191
9906;8729
7947;9452
7839;4826
8467;2686
950;3925
9558;6218
3289;1675
3618;6939
6997;8298
6971;8715
8433;960
8586;5546
6498;1803
6570;9833
4494;3443
6046;4390
5797;4989
1048;4430
5342;8051
9996;3646
3464;4100
8990;6735
5983;1586
9659;9218
4599;3696
8656;4269
4630;5363
3999;5401
2936;1206
9415;3325
7440;4418
1590;5069
1122;348
6839;3548
7538;7476
3037;6152
2007;2806
9904;1647
2417;8325
5708;5716
6305;91
1295;6782
6318;1770
2979;5427
4468;9999
4279;2674
6694;9816
2734;4678
3143;4574
2131;3955
6359;6270
2330;183
9037;9002
8585;6823
5423;404
9777;3321
5565;3335
283;6521
9609;2842
3338;9015
126;1468
4715;6691
4067;9359
4283;2440
2344;4289
9597;8135
4273;730
31;2349
6154;6397
2201;7025
8121;9303
7394;2306
1051;8322
9576;5105
5810;5464
8158;3609
390;8652
3168;6912
6626;9653
1726;6204
7049;2978
3792;1574
4217;8097
2047;6362
9345;9079
5451;9200
4473;2924
8560;2433
2522;255
8962;4428
2598;9815
3378;2436
3690;1225
8879;2143
8493;8879
9444;9798
544;3500
9683;2928
2030;6882
6872;6019
6728;9656
9717;8271
2340;1531
7216;1560
9192;8403
3840;8073
7706;945
7885;8732
5393;4883
8282;5495
5158;3998
1430;2883
