1;4000
691;3097
3671;6685
1383;9688
6929;678
8796;9884
4713;5425
9042;6204
3207;6740
605;2359
7497;5226
5103;2841
6097;2471
9303;3229
7909;3929
283;443
4495;3307
2056;905
7120;8335
1212;8532
2406;3237
1160;3808
2635;8908
9409;9781
6741;7828
9999;801
5879;7096
3673;5004
3055;9595
1651;2157
9785;299
5006;4320
3985;1958
518;7961
2378;2032
5650;2667
7593;613
9797;3391
4814;7313
6340;308
5355;3583
177;2755
4869;5825
8402;1518
2008;3742
7593;6735
9333;7887
9754;7101
1993;116
396;9717
1306;763
6454;8902
9721;6723
8788;6654
864;5373
3864;6983
3377;270
1877;1350
62;5912
4057;2627
4503;475
199;593
5770;7447
8543;2826
8073;9308
4063;1044
6304;9014
7943;4431
299;7956
567;8308
333;2251
2689;8611
3888;2768
4638;80
9041;8120
1365;8802
2971;4006
1951;7806
5012;6750
5789;7796
2448;3664
4068;3749
3831;7935
4427;2147
8953;1158
8663;2887
6854;2332
8264;4541
3185;8169
174;1563
6151;5901
5701;7315
5819;6432
8738;7280
5072;2618
5612;2774
1732;4765
7755;6578
435;3004
138;8470
9765;4107
2946;389
4793;8512
1333;8120
7746;1882
8239;8803
9775;4305
8263;1314
5010;9459
6346;9635
3960;5469
3646;7678
7132;9001
4381;7729
1280;4199
1661;3667
105;8492
7370;4403
8405;7992
995;2641
3690;6241
4997;8945
2110;1400
9756;1391
6160;8630
9456;6589
84;6358
1343;8782
5170;7422
4736;9863
1165;8656
2870;4674
1978;5394
214;2749
3477;566
256;9783
8743;1602
3893;9541
1442;2185
6577;9657
1119;55
3135;2847
5150;6517
2778;8414
890;8093
3260;7611
8056;5842
2351;420
5855;3260
6833;610
1484;9414
4089;568
6697;9952
9019;7305
6922;5010
9492;6314
3062;9640
6834;481
9564;9395
3959;7148
3574;949
2666;7585
9106;5218
3346;9648
7012;8387
4897;6172
6237;4391
9989;8800
4377;1010
987;9374
5838;488
4818;8727
4079;4814
878;5819
330;5204
4635;8506
4955;5142
1057;888
9185;6405
6171;1237
4369;7893
2134;8749
3035;7822
1031;7018
1101;829
5295;7069
3395;2914
8110;2994
5256;8760
5463;8827
1453;7952
2596;6154
9927;8904
1543;8123
1902;1849
3160;7025
1830;5205
6581;9427
311;2787
1426;4938
643;2903
3197;2153
4990;4179
334;8022
9269;7139
2148;4992
6835;4992
486;3598
9760;1891
4365;6903
3132;1990
6086;7131
2116;8030
9321;4195
3789;3920
4577;407
5698;1768
5074;5592
982;187
6557;2099
5472;7323
7853;9712
5681;9057
5106;6384
7815;46
1510;1862
7041;2925
6103;7776
3107;8835
9730;9580
3130;690
3636;2843
4844;9108
6301;8815
3975;9770
7123;1962
7481;123
1346;5177
397;2804
9225;6792
7752;2943
3833;7163
4611;6577
6167;1609
6678;7830
3221;782
1082;3202
4561;9187
2003;2354
5614;7472
8587;6106
1337;4374
3263;4013
2247;9755
6987;5856
5880;1035
4245;3648
671;1510
4668;3358
5976;525
38;8440
1489;2307
5135;481
1673;2350
8406;5793
5986;7696
3730;635
3647;194
7726;1866
2512;9876
7961;4339
5188;8957
6199;1068
1971;5653
7403;7336
9399;988
9564;5289
5254;1104
1665;1266
5712;2157
7055;4168
7988;4860
7382;9470
2324;949
7807;176
435;4417
7727;2928
3651;6230
2455;4807
2901;2404
400;3902
4405;1858
7147;4673
9506;2202
2588;7302
4393;8799
9687;8781
5666;4840
3864;2321
645;7908
55;788
7137;1589
497;9384
5963;9047
10;2519
972;9144
7160;9936
5498;4707
9022;7545
1247;6837
4513;9126
5464;8776
6237;6100
4904;7774
3616;3904
575;3652
726;5129
5564;8317
685;1596
9314;1328
4726;9760
5659;2830
8131;6472
8648;6643
7108;4989
9737;3096
385;4365
2262;3347
6796;8860
4295;4318
5471;7861
8945;6149
8364;935
1977;2129
5809;7123
202;4407
4543;2344
517;7510
4226;3864
8722;5635
2849;6199
9241;9045
3643;8521
1770;9476
6082;9666
8511;4412
1431;3176
6139;5324
8896;1479
9951;5539
1890;5236
3734;9240
5194;1194
7803;4328
2853;9452
9414;8332
3549;8958
4265;8366
4866;8268
5172;3279
396;7097
4172;8533
3942;3087
7272;2132
3213;7300
6865;2933
1353;1457
5436;1091
8417;9698
5592;4038
6442;7729
5681;388
1210;2619
7308;8494
925;7235
912;5972
7090;4313
8216;1463
5671;6509
5875;130
7261;431
2898;9950
3427;4598
5560;6739
2665;3560
7400;2010
3464;3007
8670;9283
3870;3579
9105;1247
6631;4305
250;2318
6526;152
8764;8539
1779;1942
70;9549
4631;1130
2523;5374
7045;6308
5886;4170
6326;3155
4298;5742
1965;4583
3154;9643
9443;3259
1365;5967
8891;4402
5317;1576
6540;2738
8495;4421
4698;3894
1260;3869
1643;7103
8500;5511
6246;3109
9036;4775
3426;8384
9537;4869
5582;4401
7458;1066
2053;8587
2024;5148
3351;1781
9673;945
9406;5586
511;4348
1406;1791
5305;8887
4936;5239
8373;1078
8075;938
274;8048
1852;6022
5664;3673
2076;7227
5897;8443
876;4969
2981;2574
3552;5823
1366;1514
1299;6200
6706;7897
3202;1400
6205;4291
1557;5835
3462;6587
2980;2191
1817;8784
4057;9580
4140;6093
4354;3304
3704;4779
1475;1774
348;3957
2579;9322
8482;6706
4255;7180
8639;5246
7981;8737
2283;7735
1545;9323
355;2230
7719;5259
9639;6774
278;1650
7461;3235
3995;3527
4460;6517
9639;307
7192;66
7209;9277
7210;3229
638;9827
899;5930
5013;6490
4865;1407
3023;5504
4908;8263
753;6573
2778;9003
4245;8764
3777;3380
7275;7105
31;1360
7720;4293
8779;2365
4565;186
2390;4522
100;242
6977;105
2212;2930
9462;1103
9783;5271
8734;1890
153;5143
5146;4351
1397;8746
4012;4495
3692;1727
2995;8590
3475;2852
317;1146
1264;9833
579;6702
9044;7934
7633;2303
5917;3330
9451;7801
1376;4840
8197;6653
3995;9602
9829;783
9594;565
1479;9244
6994;6228
1575;1897
1395;5978
7203;6167
5068;7581
5598;7009
2590;6920
1766;7695
3165;3881
2260;1730
5699;2477
5912;4307
3265;7741
5900;5054
2328;6688
4006;2496
8701;5757
7071;4695
6553;2517
7765;9782
9034;5164
6597;4760
9032;9333
9783;851
6465;8105
8046;8944
4082;7729
4731;9216
7254;8556
7724;4899
4440;7937
8549;1334
4132;9441
3793;7945
936;649
8506;2581
8166;9974
8606;4786
6808;1520
9471;6997
1077;5775
876;396
8879;3151
4246;5228
1465;6787
6761;3738
328;836
8313;7569
930;552
1488;483
2284;861
1849;1520
8563;858
5594;3390
3957;2648
4359;5777
4786;4328
2413;3506
3550;8536
9773;5067
8008;9958
5878;7865
4663;7473
2372;2745
89;9171
277;1835
5427;1431
6383;560
9072;6404
6026;6786
85;5810
4595;7513
175;2783
8093;6238
5256;7638
3855;2212
8503;7919
6152;6152
5602;7844
7789;5649
9477;7358
8085;7543
6126;6402
9603;3797
5436;5732
918;2052
826;1624
312;1963
9402;8156
5810;3668
9942;7410
253;5288
9478;4887
6177;2244
499;4716
4233;2325
9862;6814
569;6987
7407;6063
3156;1102
6945;1791
4395;573
4809;4340
7494;9583
1478;4375
7097;7059
9925;9722
438;4944
274;3986
3873;9253
4119;974
1099;8581
3439;9049
3556;3706
8403;9928
588;6252
5589;7143
6748;3991
3114;441
6350;5284
2037;3699
806;5435
3986;5600
2588;3244
3440;4289
790;6963
9352;9474
7125;4997
4854;8049
7970;8222
5688;2212
7581;7566
7702;2257
9987;2650
1241;9750
2183;4694
5618;630
9289;9645
9953;1945
3080;5545
7637;361
8916;1517
422;5405
2518;4439
4728;5439
7263;3362
7117;9812
4707;1040
8121;6301
5904;6547
3571;9028
8753;2917
433;8334
7084;8948
9792;767
487;4891
3038;4294
9982;7624
8607;1130
3564;2064
5685;8152
7352;2079
8163;2784
2663;5980
6830;430
6624;8775
326;8084
4153;5794
5649;7553
2092;72
7194;914
2068;8886
9225;256
7273;3250
442;3550
9754;7834
878;8593
9046;7774
755;7322
21;3142
8113;3582
7665;1472
7039;8373
9177;3659
1159;8021
9263;8797
7661;2297
2768;9092
5595;1524
9929;6818
8443;3954
3399;1523
5011;7305
2977;7120
4619;1238
3468;5358
2201;762
3491;4270
6507;4103
8185;7603
9860;2383
6772;4021
1098;2620
6706;2901
4257;32
9755;6904
4309;368
1753;229
7866;8138
7036;5384
1110;1936
555;681
9430;3840
5575;5240
3263;5837
2477;8232
2426;2608
4705;4335
6898;6611
1172;7928
5431;8407
526;4435
4645;2418
1628;8381
330;5911
6300;4248
9553;6897
4936;8010
6882;4837
2949;4339
533;6597
6158;6928
4587;8908
6242;7093
1530;7746
3122;8895
5351;4513
9796;7387
9166;8673
6516;251
2917;6581
5468;2133
6084;6652
4117;5232
7543;1719
5262;9359
9703;466
4511;9604
6900;1150
1332;9986
8626;2480
8171;7013
6665;8490
3202;7979
1416;6507
6208;4963
6796;9906
3790;7020
4982;263
9694;9854
1948;6687
8342;4373
2279;3696
4864;2972
7027;2777
2882;5115
1573;6978
2085;1866
1336;2298
1273;2375
1980;4448
8910;4002
7317;4616
2497;1770
2510;3301
104;2136
2337;6968
2245;685
4348;8305
9959;3296
4510;7219
5432;5562
8596;6338
4780;5801
6040;1754
8734;2878
4192;7033
5867;1226
35;6072
4737;1954
3253;8326
5865;730
9297;8105
1817;271
3549;8186
3822;7652
8047;6813
6345;4461
350;6323
6814;807
67;1075
6315;2628
2356;2160
8479;5374
9232;6438
8003;6164
8956;7862
7320;811
922;9750
9748;1733
8527;7708
130;7694
5267;4217
9478;6573
3;7590
8378;7904
5724;9919
5057;2799
2450;944
7919;5075
8952;7346
9066;8847
9861;9879
4885;4714
4458;3954
2131;8743
899;2818
3086;5905
5003;6325
1374;2358
5829;2417
794;9025
1233;2928
3116;2298
5348;69
7257;6359
6514;5058
1408;5617
8544;5771
1788;5066
451;5957
6515;991
9719;4650
779;4365
2072;686
9937;4543
6295;3932
508;1402
6132;1766
5076;9960
2526;6641
6075;2669
8548;8138
5152;1085
6257;831
9315;425
9406;7482
2467;7632
8440;5623
1061;6005
4545;4419
5614;7200
7643;7840
5586;4450
9175;9659
3747;9246
4275;5543
7585;7365
9514;7613
9492;9176
1760;7236
4557;3411
928;2521
4621;3232
4374;8045
9914;8368
3529;5626
5082;7315
3987;6655
4702;9155
8732;8440
4481;5440
420;9287
8254;8738
2731;9641
7628;5956
2663;9517
650;1344
5377;5633
8243;6219
658;5222
2317;9873
5435;7313
7422;8862
9894;6426
8640;9953
5692;8090
1970;5349
3528;369
9917;7522
3899;679
4197;4949
9264;2548
9521;9374
8019;2728
7282;9825
716;5053
5616;8567
6759;3802
2807;9373
5474;5966
4283;9118
8860;8772
9559;9495
4619;6121
4400;6897
7128;5143
5202;4964
884;2013
7133;6121
5675;4362
4929;5540
5221;6140
5396;3391
1356;9649
3681;9012
3971;8579
1109;3649
2860;5383
1049;6818
1385;6066
636;5003
3460;5582
446;412
4707;7394
1229;1808
5871;1528
6671;9051
1559;6392
3846;7939
212;1060
8439;2148
1844;6292
185;4651
8533;4584
5004;1869
8898;1771
4288;9951
1897;5337
8465;4136
7118;7446
1572;8893
8490;3945
5854;8697
5794;4121
630;6716
3726;9804
7613;1423
1363;6581
5659;9221
5840;4349
1562;4508
2826;9199
9865;7330
2926;3714
3955;2726
7541;8172
2696;5208
9919;850
1730;6411
7124;1655
6258;3896
6479;9636
2548;4331
5689;1600
8760;4833
9260;6004
1734;2104
5142;3565
5343;217
4542;3641
7709;4343
4774;3308
9144;9591
9705;4292
23;1171
4852;1436
7951;4587
4513;5205
6590;2285
6467;9910
4284;6222
5693;8765
9217;4230
2342;6688
9282;1688
777;1843
9042;9046
5831;7297
3218;22
9700;4916
5980;4942
7843;4621
8013;8587
5105;3474
8762;2189
3915;705
9595;4772
4856;6781
4697;9859
6154;6845
448;9829
2723;1503
732;1606
7278;769
5216;4257
5714;261
9929;1132
6491;2195
4701;6644
9043;7637
9950;517
9407;546
6115;395
2190;8677
2660;7065
6750;1124
9930;5241
2057;7427
6443;6836
9069;8521
6183;2962
1666;5547
5336;5529
7179;8565
5592;9217
5400;3533
1580;9875
563;2584
3322;5921
4254;9592
691;5216
8465;278
5759;1056
7069;3716
660;7409
889;9990
3150;5351
6231;6968
9362;9755
9242;7667
3452;7736
8813;8561
6804;8083
8838;8291
5238;3980
6629;5723
1290;9674
8003;6079
29;5440
1184;3924
1122;4182
987;2240
6884;7318
1995;7483
5919;7213
4433;1572
4606;8359
9254;3101
4180;9740
9611;1687
9431;6389
4316;1362
6172;8993
5154;1170
8516;6609
3991;3732
3751;9016
7514;5433
2123;2071
7103;5103
1226;1532
8882;1584
9809;8236
4308;4424
3853;301
4768;6073
8501;6033
4641;8440
3073;4614
6004;1420
2794;336
4765;6107
85;101
2366;811
331;3271
9407;3690
1867;7513
7561;1850
7612;4265
3947;3111
6238;2647
7795;3253
4082;1253
2648;8568
5064;3063
8652;777
4857;9959
8495;8973
7211;9777
7515;1174
4933;660
3123;6239
5348;4581
1247;5458
231;4352
7809;1969
3200;6157
1362;5267
3329;2730
9008;7577
2350;648
1419;8621
4238;8895
4408;5375
193;4857
3853;3859
9065;8204
7973;675
3151;2729
5984;3044
1920;1176
4965;7448
1737;8282
7415;8618
7918;2870
412;2559
6579;658
3562;9619
7628;5646
6994;6144
7007;9448
2525;6218
5815;4719
843;8144
6293;964
5046;3892
9837;8441
6206;3553
160;8616
9761;1001
5537;7688
2474;1409
7652;3058
8488;6076
994;1310
9533;5066
5972;273
8770;3596
968;7015
9928;3800
3382;8259
3400;9543
7412;9641
8809;8266
6777;5468
9154;531
3880;1193
5134;4864
3024;6687
9466;2792
4199;9591
119;6546
5680;4496
8259;9810
8252;5523
1386;100
1175;6994
4670;9893
222;9318
3814;2455
1073;4936
889;7472
7141;2272
556;1047
9515;3957
7839;4411
8121;9311
186;5772
7429;41
5930;127
7079;2432
8485;2591
7630;8911
599;1800
4351;6824
5806;1298
7393;2478
4884;8465
5013;4077
3526;2505
7614;8047
3740;5279
4272;9413
5534;1386
155;8417
7328;6745
2790;2327
3257;8207
7469;3552
3009;185
7269;2575
5182;8190
1120;6982
8271;3258
4173;5909
4357;5752
8288;2603
9301;1796
6919;6480
9852;645
7862;38
2443;6768
9401;5320
646;6052
231;9215
8271;1638
1193;6818
2930;1169
7363;7343
483;3930
2285;7599
4288;3311
2286;3935
4367;7267
7699;4736
747;7092
9555;2046
2049;2686
4846;2687
5159;700
827;6395
4261;520
8962;886
7905;1822
2133;1533
842;6628
4489;6400
3381;8251
1948;5712
4712;9258
2743;8563
8265;717
1671;8634
6539;5354
8720;5000
16;7978
2601;3736
9826;7567
2401;959
6603;6708
6025;8172
8646;5785
2397;6365
927;1231
5511;6161
2747;9451
2291;7505
5922;627
3013;3869
7263;9470
2525;2765
8802;3263
2885;6475
6746;993
3196;4325
5439;1274
404;602
5759;859
5587;235
8342;41
3913;7766
737;5994
2813;3782
4224;208
2177;7011
369;1555
2414;9555
9615;2268
1053;7388
4199;94
6258;8137
5517;6264
6083;3458
1697;5551
5596;3825
4569;1643
105;9462
6512;8357
1628;2297
6695;4796
7487;338
3139;428
4431;7646
1717;4337
9080;243
5718;1351
5593;676
9912;6645
4505;1741
1216;9544
2415;2903
3979;6710
852;1332
1680;4684
4026;3148
8402;1838
9426;9468
2826;188
2264;6148
4688;8235
4601;5741
8664;7035
2675;5108
3441;3013
1425;2392
4402;2722
3484;2583
6769;6670
1045;1809
2338;1647
2880;6634
6981;3564
5567;6180
7993;5690
7478;1647
70;437
6462;9969
6178;6308
7312;5746
4940;5518
3094;8360
9255;1907
5186;9204
1866;3244
501;7368
2291;6800
771;771
6161;2144
8007;3740
2352;526
2270;1332
5522;5922
2780;5341
1652;8830
1012;6808
2037;274
4935;5179
6781;81
6838;4716
2324;491
3277;4727
8757;3433
4608;1296
1791;7365
3294;4715
1100;7502
4704;8635
1470;1461
1502;4050
5686;858
2860;3679
8431;8277
2731;36
8578;8117
7189;3564
3228;9344
9471;5541
585;7924
2742;4178
363;6787
4864;1306
9757;1616
6462;1362
255;1410
3456;4016
5556;3854
7881;6666
3667;6821
6303;3346
6924;9008
3414;2076
2089;4655
9532;3603
8967;9592
4588;632
42;8417
7968;8161
5504;5538
3083;2333
7787;6003
7911;7327
7174;5586
7911;7264
5408;3415
5690;2823
7362;4595
2604;345
1750;4734
1065;4537
651;3054
2745;4621
4184;5869
7106;7704
1022;7587
6711;2509
7691;2137
636;1193
9549;3730
4966;6912
4214;2195
9837;56
3796;4796
5766;6613
5783;3390
8138;7999
3652;3076
7615;2874
7370;6034
5961;7952
831;2210
1337;6636
7961;6668
4449;1390
1757;1979
7112;8253
814;2847
7770;9573
6069;9332
4312;4159
6392;4475
3089;2372
5466;1925
4518;7389
3925;9243
9824;2843
122;2963
545;1371
109;2203
2284;8209
2394;8641
6831;8896
5886;2017
2281;422
57;1961
9055;681
4809;8920
831;1965
3785;9225
3319;448
8945;1935
532;5051
6102;7984
7752;5924
815;5384
2738;4899
1548;7744
1896;7671
2328;7228
6109;239
257;7200
1706;181
4200;4280
5662;6708
9706;4311
538;2124
1824;1824
3897;1315
1829;7979
8958;5187
6078;7688
8133;8621
5256;2641
8734;3395
35;3299
622;1819
4872;9559
8863;7352
5060;6774
568;4351
3447;1081
3977;291
2279;5562
9637;257
2548;6692
7984;5373
7868;8711
5072;3890
2469;2114
8299;6128
3175;1258
6996;2193
3399;5263
8510;4459
3119;5824
9032;5162
2559;5348
9835;3132
8873;8907
3810;2706
4532;3890
4223;2148
3272;1962
7495;8525
4516;8972
4440;931
9964;9760
9902;4194
6720;6490
9006;729
9737;1099
9339;9122
2638;4697
2328;4154
42;9389
3743;4523
6418;839
2878;1268
6149;3156
2235;2092
7064;1164
4769;4131
4941;9000
3683;536
9688;8091
583;4231
4807;2055
1386;5622
539;838
5807;9694
7623;1474
5466;1914
3045;8284
7708;1711
1277;999
7076;6859
4583;5372
4032;2077
3744;7134
1037;381
6213;6821
9342;6261
2156;9975
5984;5665
88;4455
9379;8927
2874;4235
3640;9266
1793;6925
6275;1316
1006;487
1309;1235
7310;3124
9978;2400
385;9189
4199;8414
6853;3071
3740;8230
7445;2512
6667;6557
296;2566
4027;6379
5003;1510
3993;9455
1421;397
7685;4911
4407;8688
8788;5724
708;9390
1726;7775
7025;8485
8622;6414
8902;5091
3591;1048
8566;726
3998;9108
6071;8373
2226;6939
2194;4576
8251;6680
3402;749
2830;4956
8921;3042
3488;1368
7432;3689
637;2177
6250;547
9160;7326
8973;5721
1557;7006
8548;8630
2377;7328
1432;3613
63;3360
5130;7312
1566;1778
5765;6422
7141;4672
4514;2146
7561;694
1792;3695
3681;9644
5847;9521
8747;1836
8094;1624
7142;4164
956;5230
9348;627
5219;3420
1858;6280
3019;3862
2450;49
9429;2726
5820;3676
322;9047
1891;1166
6714;1335
9307;5537
6077;7093
9584;7439
9287;5004
3188;3231
7785;9061
7401;8507
9309;3666
7282;6722
2121;8805
5209;1579
7045;4823
1596;6121
3806;7031
9155;1126
3204;1396
5812;298
9454;3903
6812;16
7664;7845
4866;6958
9871;5235
8286;7763
9328;828
975;1109
6771;9821
4870;4059
4330;3199
4959;1323
2396;7920
9374;8247
2311;2628
2211;5708
3017;3460
4703;7901
3007;8635
1176;2014
9783;4978
9812;2180
7865;4332
4669;8775
2907;2853
4616;8111
3906;1649
6911;6902
7651;2855
7974;475
9589;1346
1604;3652
3108;8560
5334;8459
4864;1592
8932;3377
7227;7672
5160;4731
180;1408
1802;1969
4091;9779
5717;5108
1641;7750
4207;4413
1900;5592
6341;9480
2062;7536
7048;7374
2644;201
9774;7152
131;8399
9266;1215
6945;5395
4685;2270
2424;4448
4639;8370
42;8572
9960;7499
5482;5843
7102;7484
7399;8292
4877;6604
7683;3458
9924;5240
897;8999
1763;9117
3141;2425
6614;273
9116;9963
226;2735
2348;855
3894;6094
7654;5970
4582;1626
6797;2512
9589;2448
7975;9814
8559;1304
7303;4748
805;6996
5765;9107
3893;3236
8254;5461
217;1755
2258;2472
1911;4840
2513;5398
845;1207
4522;2641
9703;3051
4209;4560
2152;1479
3185;6500
4993;2102
9127;4021
2830;2526
8552;4623
6293;8707
4943;6942
8109;7714
8625;5337
7462;278
6010;5067
1956;7730
4975;848
8254;4377
9937;9487
7002;8226
4958;5472
4971;33
5681;6978
7569;3116
1237;8516
7807;4117
5384;5680
3616;7930
2110;6835
4007;8412
4668;6423
5994;152
8592;4616
8414;5570
8634;8472
5826;5950
6749;422
5529;4590
3275;1006
3391;5213
6257;4036
9678;9016
4539;4090
4347;9301
8645;8144
2380;3478
9766;5454
3651;8439
1231;2399
8534;6780
8722;1849
29;8155
5193;9900
5503;2174
3963;6283
6338;6679
8775;8630
1726;7987
2751;4920
3688;7723
9101;2884
3933;4276
5251;9931
9660;5545
8558;2243
4576;3667
6233;7087
3478;1726
4246;8108
3587;7037
9;9382
3490;5560
1463;360
1038;7219
824;478
4800;2478
4687;9161
9838;6375
3445;4255
7416;7419
2065;9455
43;5219
1146;9267
7750;2563
1847;8190
8885;4736
849;9374
8837;1338
1769;6820
3137;3581
7620;4361
7110;3117
4854;4106
2899;6804
3261;6815
6095;5516
7604;6767
8405;4076
6222;4060
9871;3713
9057;8022
3973;8072
2553;6430
1646;8694
1699;6549
5677;6191
138;5687
5303;8845
7691;914
1853;1252
918;9843
271;1810
6404;7005
8039;9352
8346;3208
2561;6012
1719;8506
455;5545
9788;2928
7329;3768
90;2947
4615;490
6106;5817
823;407
2829;8388
8181;3763
3149;1762
2040;6297
8602;8251
9654;1961
2365;2502
6981;1209
4602;4357
7015;2296
282;7053
818;2918
7385;695
2896;4816
9072;7588
5859;4470
6839;2980
5412;8937
2916;2045
5634;7011
9267;1511
6228;2431
7420;2257
7975;7611
8055;7396
9978;3556
1787;8902
2427;3982
2910;4668
1635;9473
5985;7042
9845;512
1134;3331
932;6624
7625;8565
4543;2532
6924;882
5434;1234
5791;297
1817;8212
7155;2344
6366;594
1540;9088
6225;31
4646;1350
3799;8304
7287;7650
8453;203
2369;7309
288;9124
9835;7450
1132;6992
4581;6215
4576;1605
4233;7426
6448;1329
3358;5107
9455;9163
8226;9842
905;5639
1509;2752
387;2766
9503;7047
5084;9290
5341;1558
3996;881
475;5436
8764;7590
3255;8285
8020;4864
7808;5412
4229;3738
8653;3572
6828;450
6444;8620
3152;5633
8122;2828
9113;8500
323;6253
4868;1985
8388;3530
6849;682
4554;4722
6414;4602
7994;6455
7123;8240
6234;7464
7179;6306
2204;894
936;4517
3667;4201
3514;6360
2092;6391
5586;4402
6196;1410
1150;7846
1293;6033
9720;6356
9374;321
5793;3883
6406;8840
2667;5192
2710;1211
4723;2128
9511;1291
2154;6257
9705;5296
4768;9442
3783;527
6995;4198
2411;8003
4493;1164
5681;4267
3872;1969
5245;9915
964;1888
9683;4977
9791;8230
5267;4177
3932;7164
4051;8332
4334;3832
8670;1646
2792;8039
8595;8513
8286;515
5694;7592
4165;2849
7921;5368
7763;7519
8695;6209
462;3171
6125;988
5422;4241
594;1765
2272;3367
1434;5731
2867;9629
3436;7633
9934;5606
1738;6234
848;1454
9288;7040
2138;4809
4527;449
6355;1140
8186;1784
1913;403
7170;7248
8205;2307
384;7731
2843;4324
6052;634
5236;3702
2605;8375
878;7155
5506;1095
3692;9660
543;243
9580;6841
56;9138
2916;3793
2324;6448
9154;6878
5914;8548
936;4031
168;7167
2127;3389
228;9414
4073;9718
9966;8335
1018;3013
9052;3443
7134;3898
1005;2355
5848;6015
7510;6624
3330;6466
574;7095
1851;1522
8137;6767
5496;6355
656;1973
233;4315
5870;5958
2715;3411
6462;2425
7323;5085
669;475
8973;3120
9006;6522
9985;8555
1239;3193
2906;9871
6472;53
7620;6405
5833;6029
277;6888
1571;8843
3636;4395
8616;2463
3266;3520
4650;9604
1708;5608
2556;2663
3180;3044
4747;3102
4711;4225
2334;6272
5677;6642
3337;5941
6642;6749
3231;378
119;1723
7989;9739
424;89
4489;2722
7146;5247
5666;8988
6904;8417
8103;2663
1073;5221
7888;1404
2920;3218
6535;4970
6215;6031
2486;7022
8788;3440
5322;3940
8740;5762
9177;4868
8046;5164
9045;7917
8151;6193
8686;8450
4823;2700
1658;6735
5000;8609
7637;3907
6673;5535
4629;7117
3932;1103
3945;7055
3233;8036
8883;3585
3666;5536
9931;8165
3549;1328
9025;4914
8012;4815
2889;5724
7434;9261
810;8657
4524;3645
5338;2995
8692;2873
5348;8807
9889;8440
9664;3649
577;275
6006;4103
3665;4533
4413;5271
6326;1365
6504;7045
4449;1366
1923;2008
125;9279
1159;6142
5100;8818
9555;183
6353;3010
771;6439
6104;331
9227;3119
7467;8090
119;5860
8675;1010
2490;4006
3362;4766
5542;7408
1725;1347
863;8070
7577;5565
3593;9752
9261;9740
3666;7845
8183;6687
4227;1254
7353;9475
8067;7834
3710;114
4513;4970
2243;8328
8570;7355
6974;5869
1333;4654
3709;1452
5677;2848
2133;6326
4063;4318
295;720
5947;3443
2851;6996
691;6385
5485;6173
8179;6077
1899;691
3370;5959
6446;7762
2943;8941
5056;4491
1860;1277
9429;8017
5189;4555
4662;1422
5860;2854
8431;8835
2159;6257
664;1263
9687;6387
6221;8031
1330;4395
9526;7387
5283;6930
9333;3833
5615;1006
3828;9063
2038;4406
1129;7965
5540;4285
7935;1128
4390;2970
9518;502
638;6612
7563;5433
687;9286
8464;2152
4777;2452
3605;998
9287;7232
4851;2124
2650;4890
3072;2265
372;9098
4823;2253
7154;2112
2490;7389
4447;5794
6208;552
9884;7606
1610;955
1013;1117
6108;9837
9475;384
7790;8062
3382;7624
5275;9604
5005;4007
3883;9162
8101;4128
3357;1824
4197;5697
5001;7586
9990;7381
1635;3800
8647;9339
1992;4167
6237;2965
2340;3778
793;8653
1995;5868
5555;2939
6146;7453
9867;9326
8911;7835
853;276
1962;6048
6542;1390
9150;792
6419;2636
5602;9118
8512;5643
508;8179
3080;508
6447;7761
1724;398
4512;9962
7313;7256
3697;6381
4496;7348
5103;2521
2793;1125
6312;3673
4233;7833
8995;6533
5352;1727
3258;6009
8994;3308
5565;7261
4813;6053
3129;8860
8603;6291
6628;4162
9700;1558
4787;4449
2556;586
8949;9242
3275;6346
3080;6273
4446;2067
4835;6046
1894;8997
6279;3677
5121;3814
8672;3724
9159;3084
4298;2134
9312;1890
9751;3068
1831;3907
9333;7397
2959;542
4227;3947
5990;7493
2995;4191
952;8130
1585;6042
4421;4387
6553;2600
7521;7556
3437;7309
8691;3297
3386;7823
4002;7490
5020;7066
1907;2102
5239;1462
1200;3185
2247;3138
618;6292
6397;4992
6080;8164
9645;4963
6847;7350
2362;8603
5013;573
7057;7068
3735;6146
2158;1051
8298;481
5434;9842
753;8850
5833;8698
3194;6933
4592;7013
6979;5431
1296;4404
5183;6019
8263;1742
3406;3262
7060;9430
9695;3778
4313;5750
7767;878
9;4015
9017;199
462;8393
7830;9428
9792;4805
1615;3127
8365;5095
1682;1855
3930;9771
3594;3354
1410;7065
5925;2344
256;3814
4528;4687
4067;6688
5315;1081
5780;691
2379;5278
3167;5532
9773;1855
3578;9446
4735;9013
3935;4370
7276;2554
1816;5996
6096;8243
6147;7127
3598;1077
1498;3053
3427;1645
8253;3178
2363;1719
2057;4023
4718;3506
9826;4904
1405;9551
6369;9070
7761;3219
5176;9921
3902;2852
9311;3992
8881;6277
3495;9897
5263;6115
6451;5081
3850;557
3373;372
9245;8677
1981;5627
5700;4178
2046;8489
9271;6509
7489;2238
6671;3733
2214;8060
3438;7204
5669;1626
4014;4168
1802;3872
4176;704
5582;1038
1883;4115
4490;9655
6049;800
8557;7984
4031;2950
1384;6617
7660;4957
6341;7440
4557;8383
6673;1967
6158;2482
5595;7168
6397;5852
2616;9341
5290;3596
5339;4344
9828;3526
1722;5535
517;4435
6456;9139
5672;9189
6470;476
7131;5525
4840;3419
455;7814
9416;9824
9873;3766
2303;5236
3228;1094
9050;2142
5025;466
1834;2274
6294;2744
9238;5024
8446;471
6324;9898
4551;5833
2618;7120
5535;9914
2342;1995
691;968
789;5447
1588;2639
3073;5249
5968;6590
6653;9925
3547;7830
7025;24
8782;5193
6749;9527
6587;3880
1589;3525
5778;1737
3954;6982
1546;6055
3075;3388
2713;3061
3369;1423
1651;7975
7308;2366
4803;9570
6779;908
9544;9456
7396;7289
8773;3001
3507;9222
8046;5760
7766;7941
1353;6533
8029;3883
683;5785
6075;4035
1434;6062
7203;4744
403;9230
7088;941
5605;3905
2459;5139
7497;5285
5141;7332
9317;8724
4793;9949
185;7874
4267;416
8388;7979
2941;7538
3837;5003
7613;6918
8064;1675
7557;4943
7325;2234
230;465
9396;8705
6762;8256
7462;2844
1842;8558
5123;9578
916;2592
5020;9692
8702;4775
9808;1815
6955;8571
8294;6342
6131;4383
1453;6809
5156;4727
2694;7482
5843;4016
4314;9427
3675;7746
7338;1164
4656;8586
5140;4166
8705;4963
2125;7931
3692;1086
7573;4118
617;6022
1263;4335
9669;3464
1926;1565
8932;3112
1732;923
2384;9206
69;1479
1464;1704
7650;7195
4991;819
7653;1706
5503;6193
4031;8596
6170;7865
8389;6148
1380;7357
5901;3078
5799;3704
7622;9712
1264;1059
1252;7256
8216;1625
4912;6317
8545;95
8816;4721
9692;3521
7865;3759
5664;3607
4123;1525
9194;6767
1917;1713
719;978
9834;6397
4058;7477
3331;1664
5724;9608
8814;5714
4664;794
5096;58
1856;8510
931;5777
4719;1383
7988;8462
9541;2118
7048;7422
6245;9787
1491;7012
3749;1233
6191;516
876;2812
1834;9957
7325;513
4373;8361
1572;8608
6838;4576
7722;4431
6036;4567
1333;9602
9830;7249
4988;6105
1606;7407
8043;8958
7328;2994
1350;5926
7122;9221
7014;8715
7738;7234
5258;9377
4428;881
5358;284
782;1108
5229;5986
2896;3876
4772;448
9882;4087
1347;3803
6158;5050
1845;8544
2240;211
4778;6325
9825;1527
7486;2990
3816;6717
8141;1285
8675;5866
9574;7810
8963;6359
2087;3211
4276;3989
5439;2338
6910;7200
5947;4181
6522;916
3260;9741
9850;6171
2792;9674
5074;1843
3999;2560
9845;5188
1762;8941
9157;8612
7960;5890
4270;1102
3005;1811
6714;4107
2578;1409
2034;3297
3096;6337
6378;9603
549;7875
5303;5191
1268;4202
8242;2638
9883;6293
3941;8467
9322;3303
1911;5409
0;393
2406;1287
557;9416
2799;6260
460;5590
1327;4304
5575;1371
161;9288
1435;2094
8480;751
5319;6632
2827;9611
7519;323
6401;9393
4182;6714
1123;4328
8981;9298
6357;1638
8551;4345
5944;1727
7060;1175
894;6592
8634;6780
8468;3762
2407;7571
9707;348
3916;2192
6478;9349
8274;5869
6038;8299
5102;8542
5777;8516
2550;6145
3347;1761
7900;6862
7665;9950
5245;1891
4465;2700
6484;3336
5956;6975
531;198
7973;2847
7006;7123
9518;9500
4932;9563
9019;5991
3993;3311
8803;1985
5765;5979
4306;4747
4989;2938
7352;9949
6448;476
3481;5572
1291;4474
1743;75
7752;3785
1643;8338
5130;3691
5974;1439
6623;6267
206;9229
6152;1337
8730;7906
6661;3797
5833;8273
2546;511
4545;4241
6857;2750
9680;5280
4673;8174
2307;952
7704;9756
1664;490
1545;7697
7097;5427
6261;4398
6988;8705
3014;1864
3836;9397
4297;5500
4657;8209
3011;8245
3715;5253
6092;4182
192;8252
1690;1350
6887;6273
5013;9347
7286;1398
6839;8481
7391;8285
469;3750
5627;9517
7391;8694
8797;2812
9320;1333
4601;4718
4402;6789
1532;4239
8386;8970
5116;9004
7344;6732
5385;6031
7110;8301
4271;8944
6056;1441
3139;3556
2012;5815
87;4155
1218;8330
3839;3540
7019;1839
6042;864
8690;2537
6645;2697
6273;1608
7617;4366
5565;2249
8763;580
8530;4072
5605;6649
8308;3036
3423;4172
4733;6608
3379;7973
5799;603
6387;4286
2878;6303
7879;3709
2661;3891
1954;6285
6761;960
6512;213
714;2920
1947;177
7724;5512
4713;6020
8901;8296
3657;7618
980;1986
1396;7170
4546;1810
5218;5870
639;3698
1993;7925
1292;16
9390;1234
19;6833
1352;689
1569;5230
9226;7025
6363;5077
1173;1414
3948;837
1607;3603
1539;5471
9248;9271
8230;349
7108;513
2856;6135
210;1888
3616;2102
7186;3268
559;9046
19;9941
7826;4022
2151;9814
1145;3522
8923;7383
7494;5364
5916;4221
8066;8576
107;6100
2718;4854
5984;7633
3949;4810
3761;6289
1092;7125
9654;9018
915;9008
8807;6343
9088;1879
9938;758
8104;7094
6983;8531
1130;2687
7136;6617
8018;3621
6538;9264
9224;4829
4574;2129
5765;8449
5253;5236
8475;4103
9463;9939
7824;3784
5013;9228
6362;1010
2366;5143
9413;7235
2658;1868
6116;7225
1244;8159
2085;9061
4341;8128
7047;3781
8558;5179
5632;4258
3123;9853
7182;2860
2408;8724
912;2672
2024;8113
6052;7631
5178;3359
2694;2777
7258;1663
7996;7021
5675;4096
4123;7304
8887;295
8820;4858
3220;7526
6916;1368
8606;4390
1168;5284
4693;8223
3873;6272
6904;4431
6456;8854
7984;5452
2821;4637
4310;6794
3724;6247
7843;7731
3583;5036
3956;4584
8251;8984
2593;5273
2078;6784
5196;4822
5286;9086
2700;2855
8149;8062
485;5757
6753;2072
4657;8153
6232;3019
267;609
1275;217
6168;3081
445;6043
3077;6509
368;5489
1115;8170
8230;3832
610;9954
6165;4060
5269;2528
9114;8465
9951;2538
8506;6839
6235;4429
7728;7108
7724;3272
1769;2898
3603;48
2648;6530
3364;6256
4265;5249
7778;408
5193;3103
1251;5024
5572;845
8471;9055
4756;1426
3929;7321
9651;9259
6325;5519
9788;7265
1131;6621
4090;6914
3656;2082
6022;2950
1851;9164
8342;6317
2775;3909
6052;5907
9168;7808
6286;2182
2882;5065
6855;3483
73;6481
989;8871
8998;5476
4368;9732
5006;1521
2004;6062
8918;6349
6721;2319
4337;8703
8054;2063
6656;4117
215;214
1524;7223
464;6674
3363;5425
4670;5338
5159;4449
5188;8030
9192;8207
7215;3821
4644;7715
3777;318
2086;6394
6152;5041
6718;1949
6151;1801
1973;8290
8967;9103
2553;4428
512;5048
1331;1152
1117;5929
7663;445
8268;3796
5612;7017
4668;1616
9337;6181
4297;3348
9491;7310
8409;234
8827;7568
5425;3930
7435;6289
3527;1712
8029;6430
2455;8912
9538;5832
1450;9005
2860;7698
3603;2315
6131;6646
2966;169
8079;3982
9691;2518
7123;3405
205;3545
772;6290
3953;1567
4553;3870
5607;6682
2223;2189
1803;2016
9341;4533
4447;2196
400;5184
8410;5708
5690;7815
55;6197
7785;1622
4445;1404
9153;8362
3301;7479
1773;3890
2841;681
6798;8475
465;8105
7371;1217
1921;4014
483;5223
6086;8585
4407;1848
2744;1452
6699;4262
9897;3280
4001;2899
1023;4799
8965;7912
9439;4217
1502;6666
6469;727
1243;7525
2465;3972
5633;4685
4902;6719
3367;2686
5731;783
6060;3335
994;4265
1935;2285
9272;1556
4117;7259
1986;6228
2673;4996
7774;941
3916;9417
5232;7786
2720;9207
3133;7121
3557;9027
4931;2867
3829;4937
4813;7497
8682;1217
5877;494
9945;2784
7090;9922
3083;4648
4611;7952
5154;7432
4807;7653
3603;5922
791;191
467;5767
1712;8681
9045;2040
4156;7374
416;2139
8007;2607
5330;4724
4930;4997
2945;5802
6191;730
1616;2866
8012;3483
8569;8082
6812;7502
4611;1917
3808;6670
7278;9305
8219;4023
811;1491
1058;1097
4159;8018
6922;6734
8882;4971
9504;528
7221;7563
7659;6981
6917;7421
2754;2590
3390;7517
4774;9601
1792;578
4199;6975
1156;57
9003;1205
346;6217
1322;7096
852;3780
6275;1315
4623;1685
6262;9623
6031;16
7622;2027
5885;3883
2979;8809
1924;9180
1815;4354
4638;493
3870;5021
9462;7194
4801;1921
6382;9734
1199;9387
5824;4526
2576;5174
5334;2438
1169;8983
5000;2877
6564;1764
826;2738
1020;9456
4340;7060
3128;1273
3618;6147
1970;4518
5564;2111
1293;4947
1854;6335
3384;4211
1215;8171
5310;3597
8883;4370
5990;6361
28;8166
1129;9335
7668;6736
4523;8132
7195;5849
8410;9307
9017;894
2627;7106
7990;4216
2163;2087
3363;9695
5378;3786
5752;6854
619;9897
8308;8422
7278;9944
7684;7252
8426;2319
6674;754
6064;9739
4456;3615
6791;9658
2274;2441
5195;2993
2076;9221
4650;6623
3137;3977
363;2569
7025;860
7479;9496
4407;6061
7876;241
8109;390
2839;2437
5656;4143
5270;7982
1029;6964
4268;1106
9820;826
7001;4084
4120;9937
7609;4262
3497;7432
565;6020
6262;5032
6389;6491
826;8511
904;4465
417;8768
5333;7742
5685;5580
3437;5386
8782;8706
3634;7834
9414;8891
8585;9620
8026;9561
2065;6581
3819;8507
3130;1855
5604;7692
547;2726
1649;8482
6259;3419
594;9040
5259;7322
9305;429
649;5800
5071;8025
6913;9743
8983;5267
1447;4312
4462;7468
4272;6975
9995;4442
8487;3810
7879;2050
9533;9369
1481;4395
9605;880
1900;374
4662;8494
1247;586
5400;9413
3769;3140
289;5281
7959;9851
8290;8977
2505;7502
1267;9106
6398;2380
1220;7901
8882;126
5493;978
8039;7113
3869;5486
7766;3990
5085;6500
1643;6839
6708;256
8783;6473
1537;6764
1116;1780
5763;3668
3791;8769
8929;7850
344;2966
3438;1180
2143;9162
1817;2080
7241;9172
3234;5117
7199;5201
6882;6709
1735;3719
8737;6220
88;2317
9959;8195
4912;9917
9708;3314
9172;8926
2534;2741
9055;6454
642;3000
6211;542
4323;6238
791;6504
9636;3784
2680;7954
1016;9310
2089;6851
7918;1557
2248;6999
8809;5590
6321;5822
2900;5853
7859;9970
9813;3921
9122;1308
96;8771
4422;1203
4939;7624
6269;2669
1753;1009
564;1873
3373;6511
3311;2814
2565;1900
5442;1548
233;9798
4175;9238
5297;2865
9075;6535
6506;590
8468;5305
1693;6220
7178;7556
7881;5095
9718;5583
6504;3716
3980;1796
1565;2237
9258;1488
4995;1762
8990;6859
2692;1824
2999;6061
6777;2710
6207;6677
4424;1946
811;9143
1330;4152
6725;1900
8341;8760
732;6746
3042;610
8234;9821
4237;4324
2749;909
6148;4554
7378;1363
900;651
9353;8826
2389;6161
3454;5167
1998;640
2625;2538
6770;3711
4421;1335
3662;9057
44;2972
9246;9062
8707;9842
2874;9222
3780;4627
2706;5092
8784;1186
8252;3563
666;9683
93;4537
4979;9285
7343;8716
2606;2832
6017;2137
517;9183
7024;8322
9614;614
717;4500
1257;4594
6108;9185
237;1553
6712;4605
6101;2824
1756;8967
6576;5873
1004;340
6558;7106
3810;6066
3634;6096
8183;9025
6432;8902
3624;4862
5216;2297
2272;2287
5116;5193
6524;1975
1108;8317
7687;8246
466;8300
9469;1714
2765;7710
2139;393
9732;8294
8045;1370
7234;733
6855;5090
9527;502
9358;9529
1528;6145
1938;2108
8295;3173
9966;3056
2196;4120
7252;5105
7282;2839
423;924
7302;9058
1659;1465
8458;7395
544;5548
539;3580
5967;3421
380;9459
2002;4790
9716;7506
7445;4856
5483;5036
7348;289
4333;8088
6248;712
4748;5025
7058;305
9476;309
6613;8417
8254;9621
8710;7707
5757;8515
8170;3246
2564;8135
4894;6300
7528;3186
5222;2015
8444;9283
8953;1136
4092;9125
4350;2053
4879;9475
155;977
1137;3864
3182;4830
7857;9150
2412;3583
2130;7556
5696;6184
4918;9691
3118;6976
1876;8173
1891;7546
8923;5961
1246;2349
6998;8267
2192;5077
7033;1998
6270;6795
532;2107
9426;6140
3368;9909
2037;6497
396;4469
3733;5016
6327;4504
2180;3565
3926;4869
8259;2272
4041;8704
6178;2175
3244;3533
5984;4705
3939;7267
7658;2170
8645;7889
525;5276
4905;8870
9051;794
9755;869
6291;4933
2995;9082
9197;5723
6687;4817
5815;760
4199;9269
2994;5049
5904;7284
4627;7343
221;8982
4713;2392
8030;7501
6523;793
5753;1841
9055;7797
7331;4822
4573;7305
8220;7482
6570;7579
5098;2928
5721;709
3477;4585
2537;8789
1643;6071
9341;5888
3420;2535
894;6450
4157;6157
2576;7505
4011;1753
7337;4247
135;1954
7840;5936
4672;5226
8175;1815
8615;4213
309;4836
2535;6286
4059;4299
3931;2992
5775;7240
7526;180
161;2359
9242;5971
1691;9623
6749;9456
6935;3259
9527;9048
6786;5822
9164;5713
8038;6232
6300;3007
7075;5253
4013;2757
4522;7764
8758;2543
8631;2310
8997;8694
6902;4977
8589;6433
9973;6387
6653;7005
9191;7761
8177;152
9403;4419
9931;9142
1517;2826
4409;4702
5169;363
431;3675
410;5345
2843;7974
8785;8533
5289;9547
8367;6332
9429;7394
4369;205
1178;3456
6807;6447
9533;5181
9351;5392
6405;3919
8989;9362
6480;9974
4395;4234
4590;7045
2032;378
4353;1140
2900;4875
5878;1565
9603;8440
2254;4535
2913;7280
4195;3154
9401;2221
9780;1019
6829;4884
1490;584
2025;3439
5920;1509
6703;8492
2472;8749
331;3073
6107;4858
5550;9341
5788;6100
877;8629
4656;7356
7467;754
146;6523
1566;3145
2304;5127
1940;270
6335;8215
2075;9071
1092;3235
179;6701
8640;4580
6188;2708
1298;7756
3837;8992
1615;4691
7617;7364
7668;9645
8969;6335
693;3361
3425;5889
4656;1642
567;1419
7614;3355
1651;5752
2906;2048
5547;1249
4141;4786
2233;2328
1699;1631
4514;2446
53;9235
2838;8565
4598;2463
5173;438
3866;8628
3688;1674
8012;9981
2733;4452
7296;1420
8004;32
4905;2043
5155;2733
6903;1112
7147;5943
8381;1297
3596;4894
8917;4648
2076;2430
2370;9621
897;815
5716;737
5210;4722
9138;5947
3478;8007
4927;619
9311;9592
5852;1241
4476;1846
4636;6337
2470;8224
4922;6946
8487;5606
674;4036
817;761
5360;5657
766;9692
4463;2347
3045;3201
4854;5330
6226;1990
2399;8370
3354;9807
4819;816
6097;3755
234;6320
1909;6700
3123;8994
2597;7943
8462;6357
4432;4782
1733;6314
4455;9402
7151;3651
5004;2676
8993;14
8650;8843
1228;214
8699;2831
8775;6827
6217;4995
9675;4539
3145;6456
1217;5441
2460;1867
4619;6589
608;5461
2283;1522
4433;524
8791;8170
4712;2053
1868;6576
1049;7300
2331;1232
8384;9156
2674;4443
3639;2846
2421;9130
2135;7331
4586;1718
7351;8948
1709;8395
4276;6338
1771;874
6210;2514
4018;1042
7164;2026
2234;7392
7208;8647
8298;9961
6095;1695
2043;4676
1262;7221
4316;2431
9927;3613
8972;3047
1410;9877
6045;9292
5047;8841
2761;1604
1077;6838
1241;9815
6782;6028
1747;4240
7775;5480
8172;4813
4850;2348
8068;3603
82;5053
2992;3023
1957;6240
6190;9290
8260;4474
3715;8313
7143;111
1960;9068
1354;2613
9286;7737
7973;3675
1933;4406
6125;2971
4719;2984
8181;1078
5184;4100
5678;7174
5764;266
9863;7492
2340;2303
8123;4198
9107;6174
1825;3324
9052;9720
8131;4737
6558;9543
8181;6712
3647;9282
6734;2619
4206;1877
3814;7480
1163;71
7213;7705
32;1348
5790;8194
8522;5793
7441;7157
5938;7942
2330;512
8043;6591
1514;4524
2680;9756
3450;7466
9036;5474
6041;8518
8679;3014
9852;4854
9699;3169
8923;5938
6185;819
9192;7408
4047;7667
996;5618
775;8198
1299;7889
1090;7269
3369;2840
2652;3466
6476;9786
6003;8406
5824;6110
733;8454
3458;6781
5501;2035
4114;723
2995;2636
6145;4635
2151;4888
6529;6015
9062;8708
708;3667
4847;4375
2567;5739
3496;9632
7165;2496
5170;8419
9067;3451
791;9707
2031;6190
1875;4018
1655;7350
5522;4704
1151;4508
8208;829
1857;1463
3644;8583
4304;8387
9297;8546
2723;2594
3409;6863
5690;5340
9341;9378
8326;4963
6880;9154
6895;6933
817;9408
4974;6936
5512;5913
1444;3992
441;5124
4495;6762
5797;6948
2533;7731
9094;3908
2449;6736
3414;1717
8048;7430
5462;9777
6604;7704
6903;3956
9476;7857
5598;8164
3548;8309
4301;5684
3797;2082
3137;6024
3774;5911
8747;8109
9970;7853
7397;6057
8089;8587
1507;9488
4116;8189
9089;6337
714;118
3417;2479
9985;9376
5851;9140
6903;2390
8210;6008
3828;1997
2359;5249
5458;2117
3700;9216
5256;3196
2213;2539
8971;1292
9310;7499
8206;807
1345;116
7152;3300
909;3202
8600;2544
5162;1817
1102;9085
6450;5987
7810;5879
4159;5344
8869;303
8367;433
3527;6816
5230;5826
5146;8858
1222;891
2125;8181
8390;5106
468;4754
5568;6136
9145;626
1157;529
7745;6662
1520;8873
6974;1992
5292;9527
6497;2121
7987;7601
1343;3206
3155;8797
7632;6788
6068;913
730;1363
3377;9344
4127;4656
7564;6744
5275;3170
8087;1192
5457;3640
2107;1613
4315;4416
6427;4049
6128;3457
8853;7403
4124;3615
1558;2714
1162;5213
1248;5720
9984;510
918;8507
3887;4609
5822;2350
9159;2584
1921;534
3888;3172
8489;6887
3902;5247
7859;3045
5460;4446
4339;5036
6079;3873
1202;7701
9426;4531
9393;3653
7512;8332
4047;2023
3665;8904
5297;1060
2654;3199
7929;7822
203;9932
434;7651
2685;9291
7728;5884
9219;1979
3425;4368
2639;4709
6886;5724
2813;3536
7506;9042
5663;6034
3683;1671
3904;8284
6748;3174
996;2850
772;9090
8079;9497
7598;4176
4795;1267
2722;7030
8782;4712
1721;612
5387;4581
8781;6070
8660;59
8623;485
7057;1767
592;2683
2444;6196
9018;5108
8974;6946
7091;3871
9197;234
2429;3591
8360;5497
1300;8387
4296;577
4994;5488
9491;4990
6268;3322
3992;4099
5956;1650
2651;1578
9851;7352
7892;7560
3805;5804
9618;5037
591;4420
7236;7682
5567;1921
4804;8110
9399;4159
9295;6792
5193;4891
3636;8308
4277;7841
766;3458
9544;4558
2292;2850
7810;1132
5490;21
2939;5649
5376;9896
9635;7446
4369;1440
3742;8633
658;1734
8646;8201
7821;2371
8973;9054
2454;8096
2124;8743
3619;1878
5409;5380
7770;256
1554;1240
5483;7712
8156;7891
1797;9081
7327;8342
258;4551
175;3672
1865;2696
7075;3873
4041;3132
8722;5218
1457;1930
4847;9377
110;9673
7199;2721
8382;4202
867;7767
3992;7514
3378;2554
3713;9014
4101;7909
3543;5385
7481;7004
587;719
2339;6393
4369;9209
6085;2794
4467;6722
7047;5304
3461;6865
342;8419
8982;1777
2698;7272
6378;7816
9482;2853
3922;1552
2809;1589
5841;2025
3066;659
4511;1120
7419;7690
2082;5060
7991;1032
3552;6541
9226;4779
7807;8820
8700;829
542;199
8117;8892
3115;9774
1579;4115
4365;3057
6311;1190
8240;9151
7030;3269
8656;9504
8843;3758
4443;1978
5179;9187
1450;2936
6623;1721
5935;4379
3710;620
3207;2761
1784;2944
8158;1068
8789;5188
9814;5972
7558;9117
290;7428
2565;7109
9682;8966
7392;4512
2317;3099
3220;9182
6510;7760
550;1203
9533;6499
6045;9061
1849;7282
3909;2028
9812;2169
6518;2362
4050;2889
2185;5100
1499;5384
8858;7640
2691;9783
1319;6138
2290;914
6045;777
114;8488
2235;7418
1930;5380
9756;8815
4130;7050
4714;4628
4100;5092
1228;5785
8542;3123
3598;5420
5328;3802
6490;5551
541;1617
2060;5947
1290;7278
1969;9234
6617;6045
9158;4168
3341;4106
8928;7230
1054;4271
1399;1221
635;4657
7720;8374
3636;1788
557;4642
5684;2602
5336;1296
5646;8206
2445;9731
3706;5918
2220;5484
5773;5123
3885;7838
8612;6779
6826;2127
22;6020
7604;2877
985;2252
8902;7239
2229;1362
7272;9840
5914;224
4965;2137
4285;4569
7411;1613
1007;7447
1958;8791
7669;7008
5411;2873
7464;9148
7550;95
394;2679
5369;2362
9548;2090
8070;7590
5955;5765
5982;7327
299;5513
7543;1686
3411;6695
7218;6405
3857;6868
3806;1919
159;4896
2996;9760
7239;1754
180;7281
1541;8895
9601;7745
6915;9970
3680;9162
3868;6930
2051;1881
8050;2109
3231;1946
9955;3746
3159;4455
6743;3589
3874;8798
8788;1723
2503;5504
8139;5552
5433;2677
3406;7019
5033;8496
5743;4534
6625;5123
3618;3873
1550;8480
9799;5323
8085;7851
2633;2751
5776;9009
5085;3930
281;4691
9232;481
5234;6608
977;59
4807;3917
9556;3058
5690;4094
9123;1031
11;3495
5137;4268
1349;6522
6596;1531
4459;4305
6254;5806
5567;6056
4861;6132
4187;8859
2226;7043
9272;4551
7413;3979
2234;5565
2741;5122
6850;5131
1448;7575
1429;1070
6820;8519
1702;6560
1403;51
3903;5729
8523;9769
6206;6688
4723;7869
3311;9727
995;5486
3315;3766
2706;8342
8232;9905
2951;4367
9510;6911
1785;3903
7734;9823
4206;6331
1335;9527
3086;7533
2563;8095
9354;8460
250;1950
618;6259
7961;2549
1188;5911
3015;2118
953;2137
6554;235
7971;8447
7342;5557
9741;2636
2319;5829
1159;5780
5037;8467
2909;4840
9086;3472
2669;7354
7357;194
2907;368
9560;9577
3305;4765
9818;3886
2838;449
3337;6655
6441;7461
6165;6616
3835;3042
4891;683
3553;4892
3743;2762
3533;6436
5014;7065
711;782
4994;6934
5983;6226
1668;2725
7635;7668
2299;5237
5868;5092
8754;4360
3408;2396
5900;6156
2363;7290
3746;5409
5447;5710
7128;4858
502;2270
7687;6757
847;1627
1653;7197
391;4333
3509;8733
1684;4730
0;2207
7126;7744
1164;4430
8386;6078
5038;4377
6774;9212
544;6881
7776;867
8689;9501
6247;2158
5647;5147
4878;3520
2565;381
7446;9670
5997;6839
106;8375
9771;1179
8511;5582
3764;7121
5912;6621
7600;1710
7531;5566
7583;6740
9522;2658
3335;5457
6570;2671
6532;4097
840;5540
7907;7601
6355;4210
261;8937
7135;3663
4605;1862
4481;9418
3736;7658
8600;3367
2601;7423
2487;9792
7579;2803
1405;4616
7478;9745
9646;6519
7481;1767
7317;9410
3522;1552
3831;1924
8671;2252
1519;1115
4977;2769
2298;4331
3900;4523
2704;5342
6014;722
7749;8271
5936;2989
2059;5577
1616;4367
7514;4435
8033;2158
243;9193
4128;8853
6220;6295
8361;4496
3951;2031
2681;9194
4776;2803
6864;247
6166;2198
5230;4356
1050;9089
5526;1727
6715;6262
5423;5533
70;9561
5527;7155
2211;3491
9031;4909
4111;326
7257;1544
6996;6314
7168;3695
5519;356
1672;4702
9181;7659
6024;720
7620;3294
3960;8874
8385;8338
5338;5388
1563;4329
3002;1065
4279;140
340;1258
9462;9049
2602;7592
7530;2794
4387;9066
6670;3683
2960;893
7247;5474
2016;461
8549;8655
3368;1134
1539;6002
4652;6248
9590;9854
9599;7661
277;3411
3678;5428
5216;4536
1979;7829
1666;2048
8117;3823
9150;1286
2600;3245
6726;7860
6634;3578
1662;5924
2670;5970
8291;42
6093;7322
6585;7807
3461;9721
3612;3704
1393;3290
7422;3409
6839;3598
2187;1723
3810;176
5409;6607
3853;8397
2899;6450
7578;3024
4886;7594
2354;8024
7078;4419
6921;3941
3822;4813
7132;1068
6577;9746
8276;3910
9851;6847
8528;67
8480;4359
4927;4510
4664;3669
8022;8495
523;5739
3782;818
2117;9160
1753;8028
3843;5333
6509;9290
7900;9323
5458;1114
2157;3290
9771;6905
1119;3100
6806;6388
8966;7708
1776;366
647;5203
3597;6976
6886;9036
4876;6639
1595;2877
8814;4226
5716;2796
6432;8633
9743;1008
5989;1900
8334;6309
2686;2295
4303;2496
880;8372
6028;7564
2850;3914
1848;3289
7912;6868
7366;6905
3152;8934
6766;4023
2380;6285
7196;4708
3060;6044
6091;2641
1877;7635
4895;698
8410;2855
9062;4949
2923;3649
3451;3074
8662;1938
4256;2488
1288;1574
3486;8117
8022;8522
9655;9655
6965;1712
8832;3426
2639;3634
3498;4479
7277;6739
2740;465
8623;8972
6257;9975
4103;9334
6345;4571
8091;2309
6609;5477
3690;8166
3474;3094
2987;4696
6737;9871
23;4774
8406;4835
8884;3279
4820;1152
5249;6385
5686;6434
3508;5997
5066;9196
3110;2196
3582;3889
7209;6966
8135;1183
3872;3175
5313;9861
5094;3826
7302;1570
1731;7908
4613;9925
3063;851
8216;1045
8157;9536
4774;3439
2469;4096
2609;1351
7175;1322
2727;7189
629;7395
8795;5420
1033;885
2303;2487
6903;466
4325;4711
7260;5642
3243;8860
6588;2944
8636;8184
570;4490
5077;22
7338;608
6060;9808
5602;3282
7466;281
5334;2605
2028;4022
8961;4119
1119;2036
947;951
7838;1070
1551;1007
5864;7549
6104;6104
1821;6620
4660;6921
5007;633
8091;4896
7274;2570
5789;9800
7543;6444
7024;9612
9998;8478
2689;7533
2360;15
6699;9509
796;5507
6593;4457
1003;6721
1070;8557
791;7314
8107;4416
8119;321
1060;5699
9901;4790
1758;7913
1187;6749
8944;6409
1333;4069
7643;3408
3615;4318
29;6857
7449;9719
1193;5283
7824;3498
3856;4438
4846;7522
4496;3520
7422;1938
9647;989
9005;3774
5174;2642
48;2885
3231;7454
1374;497
1292;9939
5011;7676
5172;1309
4208;8500
3259;5526
2318;5464
2323;518
1052;2680
6216;9276
2180;5832
7534;322
3187;6497
8876;2157
6623;2475
4745;1639
4915;5028
7298;2026
7279;8604
9188;2377
3016;8508
4567;6400
5975;7238
4916;5435
8243;789
9866;7264
7223;2044
4400;9694
9200;9611
2900;5442
4194;6903
7413;2778
1451;8118
2168;4566
2299;4848
8927;6876
7216;9515
8043;7201
6974;9549
8250;1418
3511;9297
4150;8147
4753;5011
4131;8890
9071;1951
3005;2461
9254;1635
3060;2578
2919;1554
4405;8244
6169;9329
490;7528
9922;8173
7536;6728
3858;805
7198;8523
1199;4488
280;4705
8647;754
5534;1343
9718;9551
1697;6825
6443;9041
2754;6120
3944;9089
6154;7823
4753;8597
1192;4064
4888;4273
90;7197
1720;1168
7480;1354
4400;3365
4875;1382
1271;6585
5549;6483
5070;3148
1756;958
5977;3716
637;9840
4583;9571
7359;2938
1739;3772
4026;6827
9874;9504
728;656
882;9124
747;8296
8945;8033
5363;6323
2777;3297
4963;4594
688;8196
2261;3763
3581;305
269;2004
5568;2582
2408;1381
9200;3996
4627;2878
2519;8710
9717;7902
8080;557
2176;3241
9903;2585
7880;5920
2921;9864
6623;4164
880;7372
7116;787
2920;3824
3461;5689
6050;6575
9285;4899
646;2375
730;4599
8708;3656
2352;9899
140;318
549;9819
571;2490
7671;1845
5357;639
6146;1742
8325;5591
6073;6887
530;2480
1618;4259
3846;9504
1220;7481
6581;4431
4140;793
3441;9281
1225;1690
167;6303
849;8125
3969;6470
1991;600
4454;5050
5136;4290
6188;7510
8260;1397
3250;2998
9572;9345
8179;1959
842;6149
2565;9048
5189;292
4203;2464
1006;8817
6219;6020
9343;3946
6836;895
5504;5551
4598;9798
6894;4035
2742;7542
8206;5794
8157;8439
1922;1325
4927;2804
6826;4249
9762;1919
9700;8060
6835;3278
5714;6234
2494;5665
1172;494
6122;6657
8184;1474
2000;3553
4635;5825
8484;2362
4364;3865
4991;8525
1871;2300
4361;7312
3046;7245
8003;1491
8453;3791
3897;8756
8495;9724
3012;1690
437;2629
7984;8565
5715;1592
9000;4153
2192;6982
5759;5921
141;4369
1092;2457
2567;1574
1396;7796
223;1007
1343;7417
9144;3022
5545;9143
3894;9816
7791;4879
2791;3592
9277;7221
2394;7120
878;8301
7241;9653
874;6953
7418;6207
8831;4246
937;3630
8328;6744
76;2603
6111;1498
852;727
2895;6663
2636;8200
1534;6921
519;4231
1553;3410
6527;9301
5156;3760
7003;5669
8721;8986
2579;6088
5538;525
4027;8613
85;2460
1975;3588
1475;1134
997;7427
3893;6774
8896;6644
4809;9476
136;4731
7550;4985
8333;3952
3409;4053
6463;3891
9892;2849
5035;8692
5938;877
7837;5306
1967;7190
2087;5800
2494;5272
4806;7791
1685;1933
78;8407
7731;5756
2468;8841
190;6247
342;8502
5568;5661
9082;70
305;1687
8251;9339
7081;658
8666;6607
9890;7763
5032;9646
5673;2849
7277;1739
5485;7848
9088;2160
6141;4590
5239;604
4071;9836
297;1534
6730;7716
10;9199
3314;8465
3268;9151
5773;6316
6940;7509
3132;8724
8026;4895
7024;3742
7639;8047
3946;2244
9110;8398
293;7001
8166;3584
9462;1110
6555;4827
6461;4201
1795;361
4337;5983
4734;2726
8507;3214
3559;5580
9578;7968
7539;3969
2622;2215
6315;451
1029;6122
884;8356
6030;5274
539;2597
8798;5034
5984;7894
606;8649
2601;4093
7969;9382
9421;8293
3898;5954
8729;3939
3459;4876
8441;7734
1658;2867
4388;6246
4368;7516
2475;5430
8469;4533
1314;7935
5670;5564
4367;5027
5592;1336
6921;2230
7602;1154
7261;388
7612;1200
3301;6737
5603;948
5651;3792
1998;9079
5560;7396
6146;7755
1558;9084
8183;6810
1700;2100
6326;7529
9301;4834
5240;8983
8784;263
7549;8654
4860;5015
9796;2995
2612;7132
6174;2939
8293;7269
8242;3959
619;4133
6457;221
183;1277
9878;7618
243;9028
3659;1018
5596;2283
66;6949
7475;2190
7657;4110
1534;7311
5013;590
2819;7772
9918;8494
6342;4111
2275;3791
4398;1063
9181;1614
2057;5370
3581;5024
421;5822
3704;8266
3179;3243
9090;3930
5741;7875
429;7127
7827;1717
4674;8760
9738;3770
3909;4284
9774;6867
6330;3984
5240;5767
350;5702
2319;7546
8318;1220
725;6975
4632;3037
7490;1522
4144;9158
512;2895
644;9706
6539;4637
1966;632
184;8182
7788;6636
220;2991
8538;7516
6961;9907
9018;9590
9814;725
8296;6596
7251;1103
8245;2507
2387;8412
6678;2096
6105;896
7472;3746
6252;9611
9286;3004
5805;9990
6513;4673
5112;5622
992;5884
3311;2827
630;2477
1865;982
1585;6313
8786;172
3965;1653
5541;4726
7063;4635
9944;8447
9100;1058
7354;4976
8172;4167
9425;4577
5599;5947
4338;6884
298;2548
4939;7660
2890;6911
1557;6460
1300;9374
4397;1226
5337;135
6343;5342
6402;5793
770;2394
9845;5871
565;4037
1735;4229
3878;6706
8865;4571
9389;3670
632;8884
8855;9929
4134;2558
7503;8787
9281;196
3520;616
9015;1681
6296;6244
838;8912
9354;9713
9775;9848
7964;7726
9593;7936
3344;5997
8676;1859
5011;5938
9301;2624
394;8649
4195;2452
6126;6995
2278;2685
8543;729
6259;5972
1925;4060
8354;1354
1708;9861
6830;9588
6512;9775
5295;9994
7195;4910
8688;9457
3352;7499
4795;8808
7677;9935
7772;1761
6431;3930
629;6805
9899;9214
6933;3027
169;8108
8086;6699
4802;9635
1439;6642
4076;4376
6263;2894
6322;9219
9091;4978
620;9310
7345;3231
8575;3101
303;9046
7283;5175
9442;7652
3654;716
5992;89
6287;4932
2125;9442
4775;519
3639;20
7960;6354
6217;7229
1984;994
4357;138
6224;5264
1981;8388
171;9267
6331;20
7178;459
2281;7024
1590;1099
2482;1006
4254;5346
9828;2191
7645;8543
2697;1201
5925;3826
105;4523
7138;4075
3478;1391
4432;480
4087;1925
724;2462
373;3804
6524;7580
7342;7498
3798;4176
1031;8120
9667;3972
4622;5364
2528;6635
9224;1643
9717;3370
1542;2548
277;2056
2716;3062
8518;2097
7460;7580
4132;3223
294;1695
2412;8816
6138;8998
3762;939
5843;6648
5140;1288
3310;9386
7344;9470
9800;2793
1093;7693
2735;3147
1775;8760
843;2984
7411;2561
4862;8638
6894;4706
3167;8419
5894;9841
4679;7868
5950;1287
7195;1572
8206;8158
7880;9386
7037;832
4090;8597
343;5793
6919;2559
2717;1218
6889;630
4849;5420
1082;3873
7573;1283
3650;5892
1757;1144
7155;8446
5901;8253
430;7017
1719;2885
9809;2394
4280;3460
4461;508
7318;5630
3283;4238
6240;5147
381;7751
1027;3613
8488;5997
8759;9649
4854;9483
798;1945
2117;7135
2811;4735
7447;8140
6753;742
6874;7040
2695;1406
8107;4997
4957;9285
4410;4180
1373;2932
4093;1507
6748;261
5089;2605
1533;2425
1709;6769
4601;6608
1159;8974
4624;2721
703;5517
8002;6019
2451;5750
2564;4884
1664;3564
5308;633
6201;8737
9371;4100
9284;107
73;1957
5086;9627
2428;4260
6834;8799
2812;3558
97;6715
5616;5022
9699;2020
1682;6563
7331;9442
9036;7630
8327;5247
8057;5506
309;4948
2555;8300
3448;937
5472;4560
1931;7272
2894;438
8909;3850
2912;6699
2657;2387
6488;9496
9980;2210
5930;816
4019;4727
2850;6750
7475;1629
1552;4357
9074;3358
5650;783
554;1201
5474;1484
3886;8474
1257;7976
3542;3692
2497;9327
6648;1379
6950;5781
4627;4218
3704;7361
3544;3602
3540;5075
6788;4352
6328;7432
2950;3336
9623;379
3793;1053
4817;4488
2075;9843
7188;9233
6635;2341
4049;551
2652;9001
808;4520
8251;4127
8186;6959
4767;5649
5151;6018
6862;5124
1133;2428
438;906
8020;9976
819;9230
7101;6970
1044;5110
8659;8011
262;7323
2214;4202
5199;9566
3556;9090
3485;2865
679;7090
6183;2735
4451;920
8335;8231
1455;4666
520;9060
5802;9500
1496;1192
3933;9756
1818;1074
1414;8158
1027;3436
3575;255
6455;7955
2461;9833
9985;5579
1009;8998
234;6203
1645;8910
1500;5544
543;9754
7589;588
690;1388
8141;9749
6584;9390
7454;6049
922;4672
943;9003
8931;8741
2395;3695
9153;781
5916;3530
428;7226
108;6576
3587;9259
8427;4031
2937;8750
8877;3395
6993;8575
8269;8205
133;8927
1101;814
6849;7305
794;4638
8069;6166
1495;7525
4709;8887
1951;8470
7007;1664
9054;5750
9494;6227
7584;5764
491;5837
4393;8326
1954;4965
9833;5985
124;1224
6556;2058
15;6668
6008;4502
7040;4425
5905;477
7244;5752
7764;9531
3546;2085
2182;1692
9155;6423
952;433
899;8477
9352;9487
4584;8415
8976;6772
1709;4730
1320;8326
1860;2831
5026;63
7938;2220
5135;5437
2001;1857
1024;2610
7967;5185
773;5640
3651;8654
3647;354
8719;89
9105;7068
7001;6208
267;9147
1305;1778
2155;8469
6406;6427
169;6361
1168;8974
2236;1228
3932;3285
8889;2249
6216;4131
9083;1795
8560;6284
6039;7975
8902;5204
6573;2666
8267;3037
9452;9713
741;9374
3141;2592
4718;2261
1008;759
231;1247
2482;9176
2794;957
1999;6027
7668;593
3653;9524
9677;2080
8369;5891
2814;7141
2177;7103
727;1480
8690;8742
3907;2491
6231;5496
1871;5405
236;4209
8989;1654
4548;2184
730;2354
975;1439
3019;9291
5115;8052
1221;5573
7870;9353
6761;8165
6270;755
8847;4981
4308;8301
5911;9857
4309;2630
6408;9808
2032;5013
1451;279
4199;6303
2360;5749
5406;5282
4696;5037
2495;3664
6551;2906
8386;1275
3017;2159
4069;6370
550;3325
7035;2888
4719;2248
6747;8540
2308;9398
2934;5075
4038;8592
464;4808
7372;6936
5348;5543
9747;2270
24;9400
1380;9190
2492;9745
3350;9783
3088;4389
1055;620
4751;2572
5317;3279
7462;7807
3443;1683
5207;8668
366;5866
4321;4765
5603;8456
5317;5778
5253;7101
6443;7251
9484;3359
6110;8035
5043;6150
3066;773
9217;5773
7732;8621
6351;2694
5469;8507
549;3857
2712;3693
8520;8090
9881;6107
4632;1329
784;2002
6217;1855
6809;2857
917;5518
5632;7112
9422;983
8403;7322
6362;5472
6391;1642
9283;2158
7944;8148
679;1404
9275;5435
825;9389
8064;3206
9866;9277
7167;2072
5973;2110
6802;2709
2727;6803
7536;646
2884;1284
3089;4495
7624;9659
1525;2213
44;3546
5774;2121
9173;9200
9557;2826
6128;5935
2787;8943
7128;5460
1325;7570
9082;6238
9532;3837
2163;1732
508;2520
417;6502
8134;6739
5788;9515
7056;4018
3175;9738
1619;4649
4120;5116
2421;7202
4566;2369
9639;1283
7747;1697
5557;8192
6733;7447
4846;6016
2392;3056
57;6841
1630;6197
1504;305
7622;7933
5279;9482
8487;7906
464;2232
3319;6124
6806;3568
4850;712
7070;2345
6143;200
4089;8627
4644;8321
1133;6458
711;9117
5639;448
9275;207
551;3574
2719;2499
4603;7908
208;5307
2679;9594
3741;6896
88;4351
4032;1783
64;9977
9914;7800
2073;7946
3464;7863
9634;7012
9257;3697
273;7923
275;1311
6941;9877
4834;970
9797;6106
8629;7573
9575;8132
3496;915
8959;5664
9786;9117
6331;1824
2429;2675
7081;1487
1668;1032
1244;3859
8226;8375
2661;9100
9249;401
4092;2819
5718;9254
4733;1535
4263;9503
1460;6862
6292;4070
2786;6065
5182;5377
4977;1904
7912;3581
3097;5236
964;790
5822;9712
1580;7380
1809;9077
4536;4142
7101;4098
1463;1887
7630;7932
4487;8353
8196;5867
8399;766
9491;7818
5958;1271
7698;9681
9028;1578
7012;2716
4189;2636
3997;8511
5264;4943
4140;721
6719;5141
5175;3834
1335;5011
8800;3451
2699;9629
2256;2243
8113;2524
3908;648
302;6973
2449;1631
6977;4260
7618;4369
5713;1654
1474;2620
7916;5150
3123;9682
9657;4613
6569;3382
9111;1853
890;1293
9963;5377
4277;8547
7717;9085
8665;8008
1122;6030
9636;5324
4076;2484
7104;9442
4335;2048
5842;2527
4080;4299
1381;1903
4003;7546
6009;664
6921;705
1627;2848
9163;4970
1125;3747
7948;2016
7541;5831
823;1787
793;5985
8851;9595
5046;371
8684;9188
5876;9038
9922;5750
5321;3627
3232;368
4630;7984
1584;5401
9062;3320
1653;8408
6441;6664
4952;809
1344;3797
8582;6297
9764;5577
3623;3160
4907;9666
5126;4146
3352;7978
1440;7281
2243;3907
2167;1113
2406;2352
3444;8295
9316;9870
6406;2099
3708;1923
9756;1490
6276;9086
126;1741
6383;4366
4595;9191
3025;9298
8155;742
7347;7384
5176;939
9968;9619
8007;2085
3079;8308
7711;5742
6819;2248
1665;7157
1800;8398
225;7717
4804;2645
3;4339
2660;4997
4441;8879
111;2578
3299;5082
1046;7206
1435;5395
8950;2966
3844;5027
1595;3244
8295;6073
7061;5928
9093;192
3041;163
5525;4388
9026;7942
6360;772
1460;9063
7396;7817
5242;8549
2520;7600
1052;1500
9988;799
6901;1496
4699;8786
4034;5225
4150;77
1832;7739
424;6596
3764;9934
3091;3741
6545;2226
8220;7094
7683;6180
6838;7732
2356;8867
2113;7597
9190;3131
8294;6130
5906;604
6040;9477
37;3312
8106;3977
6964;4008
6615;6341
7363;5021
8083;3960
8834;292
5253;148
1949;5560
5384;714
9244;7182
3106;287
6815;965
2209;9052
2043;8546
4808;3151
7747;383
8209;4910
2581;1186
9492;2265
9854;5772
5353;279
2107;734
55;1486
6777;79
7470;5941
9047;1032
4163;6332
1619;9569
9197;8269
7504;3946
2949;962
1231;8457
1560;8904
5839;8989
5904;866
7931;6523
3909;8582
688;4710
2923;3779
5268;2855
4445;8911
4249;6220
6981;3886
6934;1409
4048;8372
5212;5809
3428;6831
419;6517
650;1358
6173;6029
4374;5592
9519;9042
3874;1511
2879;7198
9128;9739
2287;6316
2154;3169
3168;3701
4193;3138
3543;1544
7084;7201
5941;6028
8766;7612
3531;829
2202;20
3036;7951
4245;2629
6834;8479
5951;7063
9331;761
8693;3530
8143;3771
1031;4536
8955;8969
9768;3348
3986;4827
4881;5693
7936;4397
2058;5759
2012;7767
8506;466
6149;8067
7334;9200
1941;1814
3386;9704
3912;1799
8668;4688
4774;3489
8681;7837
1088;3936
1910;2393
9364;5598
3471;238
9031;6117
501;4493
7959;9135
1257;4078
8242;491
2084;4345
4805;8799
6432;3960
7076;9315
7902;4532
4422;5264
4973;6129
9360;1326
8460;8806
8648;9885
4066;7528
1267;1806
1419;5464
4059;9986
7893;8520
299;5772
209;2221
3854;5411
9307;532
1733;6174
4325;5089
822;9493
9625;2432
381;1550
4794;6314
485;102
1262;1919
8015;14
788;8923
6015;8951
436;724
9302;9031
5849;7891
9030;9798
9666;4891
1617;2860
4717;498
2881;8742
2294;3954
6567;2096
4228;885
7505;2242
3756;5277
3590;2225
4262;6382
7480;1054
6823;2359
8475;596
7217;5612
7352;724
553;8385
2156;3737
6986;936
857;1825
5162;8822
7635;9415
912;265
3126;5577
7559;9333
5375;374
698;5785
7490;3039
4751;7815
28;9136
754;9628
966;8518
4871;1845
3842;5810
4946;9030
5044;372
8024;5311
4599;3302
5237;6019
863;4854
1707;539
8436;6851
8182;9171
393;1190
8013;4683
401;7293
7774;7461
7706;8522
2345;1682
8097;9984
5587;8772
6952;7901
5876;3570
6263;3783
1729;8074
6132;4995
6477;7421
2646;7015
2555;2839
8281;1655
5332;6728
8011;9821
3617;5703
4149;7034
8980;8497
5646;4823
8853;6937
2990;1395
9006;9851
8215;498
9457;1759
561;8290
4096;430
2299;4201
8434;19
5925;3266
1703;9373
3490;4221
9301;8304
1172;9762
9030;8182
7383;2811
9919;6999
647;5368
5577;3241
4320;4589
4924;7345
8790;4100
1957;4297
8231;7231
2743;6033
8201;2864
2230;7674
2435;3870
5670;7367
2009;2767
9454;5521
7742;9111
3965;5545
7171;8441
6716;4886
716;3081
7475;2087
7785;1047
8331;2889
2441;425
738;5963
26;3118
8463;6799
650;3663
44;6437
2806;5909
6887;298
567;2825
3450;1193
756;2413
4107;9721
2310;5769
7196;4767
8639;1718
577;6556
5208;6106
4526;4817
8790;2852
7238;5009
1889;8142
5373;6289
5680;8799
7094;5899
7476;754
7890;6009
4218;3835
70;701
1765;4603
5311;2731
881;9857
5861;1994
4712;9616
4099;194
9284;9860
2012;9133
8103;2135
1881;3226
4275;9241
6942;413
8739;3656
6132;9419
1181;8081
159;5525
1002;5571
7085;1432
9283;67
4364;4588
9150;6822
852;7454
1133;6236
6701;2549
2180;3887
1224;9864
1817;4184
8855;238
6637;5009
1127;4627
4758;5917
8240;5869
5191;3086
7224;6471
3165;4
4995;3274
1357;4127
3615;7377
8730;6193
2022;5662
3193;698
3134;8425
1672;3166
7781;6184
1339;2268
7212;7535
8728;2582
4086;9111
9244;6868
7777;8141
8203;5074
3607;7889
5928;978
7172;6336
3666;6382
4325;8881
4143;7056
4574;6528
403;4263
655;2078
9269;626
9878;8152
1225;9349
3462;2562
6810;1332
8532;8461
736;5634
3707;9022
8832;4879
3291;8957
9661;8722
6938;8100
2202;5274
1386;5481
3326;2533
8361;5863
3972;9274
8051;4514
913;7607
715;193
1770;7470
9920;724
4572;6684
9671;374
9534;8898
4249;3291
9995;5713
3996;2674
1457;8619
2440;1071
2566;970
194;3207
9488;160
8862;9102
5673;5429
3856;1864
2231;7237
8417;1533
292;69
2454;3606
5614;1677
8853;8476
7442;8266
6787;5901
8158;6955
6289;6853
7615;3943
823;3604
6217;9249
4929;7752
3780;6642
2157;5053
7019;435
4438;5345
7062;9174
7808;5693
9885;9944
972;4902
6701;6021
2586;7996
8457;4871
315;9947
8389;3151
9758;8975
9289;282
4126;1077
7589;2404
6231;9083
4673;4101
2744;1512
6937;6120
6987;8782
15;3520
556;6883
9327;171
5992;1573
8653;2319
2381;9321
781;6065
3306;4777
9438;1038
1863;8380
9712;5274
623;1852
4941;4387
5339;3821
1665;1464
9969;2538
641;2830
7167;7814
1161;8783
2769;9621
7941;7748
4981;6590
4723;6876
9039;3603
6363;2092
5858;4069
1703;5784
8900;9063
2773;946
6871;2533
1997;6395
1161;9007
7994;8914
6001;7847
2265;4622
6181;5986
3651;3738
1893;9299
4738;9945
2755;1285
4603;8074
3416;6577
5240;1510
1235;5947
4815;3820
2532;8928
9495;7433
7618;9959
7013;5934
6414;4049
9352;5472
5833;8346
8992;5138
7323;6723
3000;5748
7943;5498
1905;1432
1201;9773
5804;8650
4496;1499
8403;2821
8459;2346
834;3620
9752;6751
970;6186
2947;3071
717;6958
9006;3690
3302;9696
7565;8149
4889;9322
7742;6866
92;8688
7513;6884
8862;6088
4836;5198
3059;9418
4636;9722
4612;6227
4545;2675
3581;7609
8852;6317
3671;7868
4495;6299
4783;1196
5141;3673
7046;1216
9406;2564
8432;9199
7064;6904
8549;1972
2779;6245
4481;1121
290;7634
654;942
1265;7812
3633;3794
2119;7603
4468;7979
8948;8223
5755;5095
5460;7490
7934;936
1268;2418
9508;6420
8250;3515
8850;2786
807;5284
1042;8364
1795;6841
1823;2574
9676;6388
2099;6497
3998;3331
742;8373
5706;2258
392;6653
5962;3684
890;2891
2201;7515
7589;1657
2933;6503
7279;4918
3451;8633
2781;3895
3073;9324
8322;2247
750;6624
1759;644
27;5148
6436;4264
6136;7426
4971;1573
7772;4517
9687;4845
3583;1301
9494;334
8708;5671
1065;8738
9877;5014
2898;4654
8490;7828
4503;7098
9885;3093
9317;1843
3557;5118
9232;320
3472;6955
614;9131
9851;1225
6583;8856
3757;3188
7968;748
3687;7257
5829;5167
8971;4779
1749;6163
8261;7899
8174;2473
2613;1572
21;6396
1775;3383
487;8483
9154;8755
8533;7815
5643;7305
2885;4734
4997;4657
7543;5330
3766;2850
6769;4747
6933;1640
3338;9407
6349;2434
2405;6628
2813;6394
4784;3804
4233;8332
7661;8291
1662;8398
7774;3455
2228;4309
2003;5978
2968;7857
2916;4406
2408;805
2341;9221
7361;6898
4314;223
863;8711
9832;7920
3427;305
9801;1782
3872;9265
9249;9704
7858;4594
5462;9864
1971;130
5005;8231
8690;6717
9810;2456
2913;161
438;5596
3840;6170
5462;1180
6963;7938
9470;4511
9671;6813
8668;3763
545;1564
2216;8423
6821;7174
9542;1966
6675;9799
8674;221
3003;541
8349;6872
3195;7055
7077;2720
5027;8619
5699;5967
2256;7292
6013;6562
4748;5047
7002;8914
7047;4350
1923;3713
6187;7565
4026;1435
4228;8773
6069;7215
3527;118
8924;9220
3059;3638
7574;357
2244;8680
8570;6279
4699;4456
1644;930
8061;7105
9562;4642
7637;658
4564;8726
983;1770
6738;4829
7754;8726
9574;6961
4126;6320
564;8999
3975;9494
231;753
9563;293
1238;1196
2997;4668
341;8364
5925;7911
9864;1603
9063;99
2093;3322
4973;5845
9556;4226
7266;5840
6463;8135
6871;1212
1804;9902
1352;5550
2515;2713
6394;3626
5979;9073
9506;254
4685;3206
4783;7569
2303;1215
4090;4024
9662;9393
4484;3879
1154;355
3813;1598
6951;1292
6501;1647
4054;8574
9316;500
9742;8169
2571;4308
4182;1924
5634;2674
5165;5587
6913;6212
6772;5665
7524;3194
5544;8682
4757;8473
2254;8234
6135;6072
4749;2313
7391;5380
7469;5871
7985;9714
6254;1259
5945;5157
2832;2306
9737;7060
1983;6122
8648;1361
5780;419
4738;7944
3572;3111
8774;3716
3360;5303
9807;3715
130;8348
3008;9661
9317;623
3241;6658
9106;9891
2467;404
3517;2701
7522;9261
9364;3110
1085;7775
4072;9234
2694;851
8067;7596
8601;667
5011;2061
8894;1653
5474;6267
7880;2346
4850;5891
9012;6808
4245;9823
8779;2427
3911;7407
4951;5378
2363;2228
3296;9807
748;1667
3475;1894
1273;5377
9227;5330
518;5199
100;477
3333;3607
2055;5497
670;7727
2038;4068
5190;1230
7299;978
1775;6917
3635;3811
6167;8734
8045;6254
3881;3081
304;6129
3282;5832
4898;9136
1215;3235
9421;7531
6985;2017
8066;1486
602;6437
9158;9685
4218;7776
3811;4910
1449;4807
8737;9797
7906;2156
9999;7715
7639;7161
6073;3848
4473;4808
7959;1916
4196;4648
1289;2705
3487;3207
391;1600
4061;335
7075;3662
6041;8193
7555;6407
2845;7120
9375;2452
958;3498
6442;6440
1902;918
4368;3248
438;7435
187;7388
2565;8515
228;6724
9240;7397
7421;7143
6920;2008
4636;8681
3992;343
3807;7709
2944;4248
1517;4309
1756;4931
484;8687
4380;2204
2992;5596
9420;3454
6635;1127
8178;7643
5005;1942
8036;4259
5917;3040
4882;7073
7608;6513
8703;7801
8978;349
9788;5324
3387;3366
9096;1993
6780;9574
5234;9717
9994;2896
2237;5038
1965;1050
6885;4207
5275;5632
1622;6372
7978;3941
9348;5438
5953;6934
9288;8917
8192;6870
8972;5098
3362;7618
5938;8286
9738;433
4195;5513
2192;8053
4720;7112
9286;388
6279;7882
736;5776
2754;5160
501;2821
5784;5061
3601;9147
7025;8397
5380;5064
2644;3326
372;2106
3720;2673
4232;8662
185;17
6198;7544
2639;178
1497;3172
5934;6477
2778;9356
753;9347
7142;2091
4593;8210
729;5691
1539;1370
5864;4695
996;6658
6805;8451
9162;8973
8821;82
3430;9531
1945;6576
9140;5635
5119;2206
156;9075
8632;3146
9561;5900
2786;7194
4483;222
8532;8861
9478;9962
1449;6726
6255;3017
3900;6904
3570;8165
1452;3785
86;6244
8713;6759
4676;3605
6635;9548
3220;1662
8023;7004
8302;3481
502;2712
8337;765
6504;9622
5704;2368
8008;5052
9182;8485
9654;876
4645;3076
7683;9494
9355;741
3651;6269
9432;3249
1328;9487
7121;5264
2320;9659
4331;8385
1009;970
1580;7596
2209;9028
6964;4425
5569;728
8064;6691
9219;3987
790;5586
1387;7412
3104;7014
2805;2516
8266;5597
4621;4022
1812;6582
6184;7006
8799;2998
4642;3137
3050;2821
3556;2135
8082;3682
906;8693
210;692
7804;9606
7916;6322
7972;577
7984;9974
4645;7305
8135;8862
5910;842
7954;1127
1719;2896
4705;6738
5809;2834
8367;1654
3578;4416
630;5976
2625;7004
5941;7362
6072;2890
8749;6854
91;9714
50;5455
6086;4509
8028;6271
4907;3803
2154;8855
5126;2427
7453;9503
9957;2230
5802;3678
7706;683
4121;4500
8752;8561
5087;4271
8046;5322
4634;4395
5851;591
1881;2728
1017;231
1395;6378
476;5906
4714;2299
5848;7734
7907;7619
3037;655
4645;6606
3543;6497
9680;1380
6821;5336
5984;9075
1505;1762
9847;8997
9535;3872
2197;9510
1323;5468
1086;5896
1967;4777
9873;7207
8224;6279
7954;2289
3464;5695
6076;2536
3140;2084
6234;1741
6462;5104
6960;1399
885;9977
8397;3249
4805;7470
7980;9475
416;1282
6774;5010
3062;646
8552;5677
5640;1648
8553;536
6578;6801
6532;6718
7772;8758
9188;286
4490;668
339;7219
2683;2689
3333;4472
423;1398
9090;2260
9253;6464
4891;5205
8105;6823
3598;1787
7176;6833
296;8654
1612;1390
3580;8805
5213;7827
1610;365
2489;1589
8927;5753
3351;2111
8554;9419
8458;5127
5389;5977
4868;7697
1061;9589
945;2677
7526;9736
6759;32
6464;8155
1152;3450
4280;6622
9511;2018
7911;5545
6907;8416
5010;8838
9701;6996
3113;1471
5003;7438
6356;2225
1393;2228
5028;5710
6271;9117
2767;4476
4811;2932
8584;4213
3099;4640
6059;2419
3266;9387
26;3688
1634;9412
1849;2822
1807;2167
8022;334
3383;8772
3209;3597
3587;3029
8090;883
3451;6570
4409;4844
2404;1507
4482;6615
5135;7900
81;1632
2399;9739
6099;3517
3101;9786
7671;2944
8398;567
5564;4237
9875;6090
3522;3689
2858;6463
3030;9
2872;5455
5443;9202
7905;9304
8845;3207
1682;3548
7111;4145
3437;3539
1660;3694
7858;3415
2166;220
4768;7796
1093;4630
1915;221
8346;9611
5790;2455
6547;5902
4772;9169
4506;3568
6130;3235
6275;5841
3367;7888
5887;8049
3279;3335
3310;4387
2669;7081
5479;830
3168;9154
7348;3379
8813;5717
1825;6999
5167;7152
4189;2106
586;9558
6124;2253
9992;1872
6846;8821
8987;4309
3992;5901
1476;7667
4902;1347
7096;7193
9706;7999
5710;9178
1251;2463
4966;3209
3318;7522
3503;8093
7785;8218
6776;4901
3462;994
4654;6231
4159;9853
9968;6896
1218;3483
5007;7489
6223;2477
8588;9018
2887;6384
9770;3690
3223;6176
5569;4256
2020;8891
9060;1875
5373;7716
1174;386
3559;2588
4176;3070
5901;3491
7328;6523
5438;1064
5553;5080
4172;6904
68;8409
5500;8958
5882;4330
8982;5819
4831;8703
4075;7371
4380;4314
3636;8272
1818;1089
5079;5032
671;676
6902;7083
1145;9467
974;7158
9272;5463
6447;6554
24;6035
9455;6397
8146;5602
3856;6900
6688;4532
2201;2790
7307;3118
2832;4582
8291;7452
8554;2151
5947;7155
4689;9221
2514;8505
9469;4785
9075;322
7725;225
5093;4107
9591;8961
7122;4416
9586;8829
8010;215
7806;6050
4513;3050
4224;3686
5557;3265
9126;6736
5666;1227
7544;684
8012;6518
3252;228
9401;4413
8339;152
5152;5609
7665;882
5232;2125
3635;7119
4323;9572
5607;9134
7524;3591
16;2788
300;6137
1793;6179
5989;5515
5060;7891
6662;2598
1209;4299
3494;4486
5467;1089
901;6025
8851;7246
4663;9067
991;8081
8013;9116
752;7617
1244;9111
5778;9582
9764;482
9151;609
2727;2335
1201;8844
9395;649
7152;6090
3176;697
6809;1875
3959;7567
731;3380
7765;1609
8481;6019
9044;7915
8437;5676
4983;1532
5384;5069
3085;2994
1643;3523
2994;1988
9853;1576
1012;489
690;9240
1125;526
6770;9507
9445;5905
4790;6736
9953;1685
1567;2931
8172;9942
6024;3602
5979;5496
8441;8886
5137;626
296;4923
9355;3552
2886;5099
4649;1459
596;693
5646;5191
5140;5714
1067;9395
412;1276
5104;8838
3663;706
2654;8928
7662;7806
5426;6029
220;7123
2862;1070
1971;6951
6476;8171
706;2851
8739;8518
674;1954
7953;8568
8280;6029
8712;808
1371;4355
3463;4762
7934;5818
4462;5716
1407;3328
6998;8707
4088;2648
4113;5731
7106;2025
279;4846
5316;8643
6472;856
8134;2854
1937;8603
2797;1360
8534;1556
4828;6111
2037;340
1607;6527
998;8115
8838;8854
7877;2324
6441;7928
8991;5212
9956;3469
9583;8730
5869;5108
7763;2991
4457;7808
6449;1228
1732;2063
5540;8425
2821;1341
7500;5189
2777;2575
8304;3253
7179;4217
2272;4058
4134;350
3682;7287
1344;8653
267;1914
6726;4645
3711;8373
8765;4571
68;6779
3237;4515
8679;2798
6265;3895
1593;9698
9713;7381
6777;2430
3917;412
7453;7133
4413;48
6792;7383
3899;4625
1908;6720
8015;2868
3564;5492
3688;5505
8382;8915
1762;183
8427;2389
1442;3555
9021;9570
2662;2741
9381;8474
3921;2105
2269;990
7348;220
8194;1557
9804;6248
6940;1492
8684;4556
4180;6476
3739;1331
3760;6024
1728;7203
6882;5468
8995;5419
7858;2863
8161;6025
2361;5591
9062;2640
8179;3950
763;9952
354;1973
1038;6831
2301;8889
2058;2094
1994;8198
6176;7396
7630;5152
3719;4444
344;7591
5427;1793
2444;9533
5841;9873
8454;1722
331;1553
2773;8383
7667;9543
2178;4886
2122;1267
3584;6672
3897;6426
7473;5878
4378;2427
5252;8408
3156;8087
4406;827
7086;6567
8786;3471
7731;4395
2602;3392
2457;4580
5799;8370
6189;8322
5347;1113
5360;1666
1686;997
2956;499
2088;9189
3708;9794
2994;1887
1480;693
1546;5488
6670;2104
2461;7046
70;1864
168;3070
1032;6164
7691;9871
2006;4976
3153;9018
8587;5493
1961;2207
4032;5214
7771;856
9886;1269
8110;7081
9838;2777
1206;4357
2212;8627
9011;8147
7610;3915
7644;9016
2122;4469
590;3392
3276;367
1839;9985
5411;6197
5868;3123
3532;7867
8880;7763
9857;3284
1010;4800
5259;6881
2389;9418
8581;6098
6850;9724
422;1246
5869;7638
4392;8888
1871;9149
8071;2859
4436;6402
7958;6350
5124;9833
7522;3102
6661;4556
5160;5694
42;1584
9338;4145
8740;1080
1469;8609
2659;1826
3206;5808
5738;8345
3722;52
171;4735
4306;6136
7103;2136
2114;3283
8349;4984
2284;6357
6211;9746
7796;3036
8762;8622
9419;3380
6139;9912
3894;1260
9290;6146
7094;5511
6417;900
329;2342
3911;5289
2174;9528
7962;5511
5273;7217
226;3574
7379;9807
5942;4311
8602;8285
5711;3165
2275;2638
2784;866
5186;9550
6163;3059
3961;1411
6054;5275
8383;8895
2321;6155
9073;830
8435;4790
6577;1897
3140;1242
1196;819
9544;2803
8112;9118
6692;2445
290;3289
1784;7
2485;1260
2169;1166
3227;7418
4994;4003
8129;9118
8969;8053
7042;1626
7088;6150
9662;7734
1337;5058
9013;2892
445;6950
9935;6674
9544;89
141;6587
6244;3744
4735;835
1071;9331
1165;2485
1491;7030
503;8694
7784;4748
2691;5113
5962;4162
7904;7430
7571;6817
3552;9109
8777;1757
6617;6811
1417;5034
3977;2750
6850;557
9179;6271
9401;1225
2710;5310
9921;9072
4255;2096
1582;3206
9633;6418
9414;4771
2160;4122
2253;8828
8035;8081
839;4114
8013;3865
8548;2948
3106;2524
1965;5223
350;8500
6864;2368
5764;1530
1494;9468
5564;7592
3091;6271
3413;5428
5455;770
1014;2008
5106;2204
1745;2397
1055;3895
2158;6915
8537;140
4173;1262
209;5547
1568;3275
9236;9666
8001;3422
7469;4530
162;4758
8475;7824
8944;2102
9588;9783
3520;9491
9311;7655
8077;9569
6445;7565
8634;8538
5121;9979
7839;5491
5551;1592
8933;5553
3766;3455
6177;2097
4863;2402
7947;4488
3363;452
436;4306
1144;4744
4447;4804
8158;8779
5097;5482
3581;4283
4437;6070
5451;1812
9970;1989
4895;7405
7820;6381
7073;2042
7934;2198
4670;406
107;1501
1371;5612
3828;8122
2124;6869
2024;4154
4198;7852
8600;338
8053;4503
2352;5367
9866;2373
5313;9354
8170;5246
1870;2280
5553;8744
6108;9098
2567;4905
8739;9352
5130;6299
1720;681
8531;1143
8181;2349
893;4119
7664;7105
6431;1080
1816;7061
4167;9710
3678;2077
915;2316
4491;7133
8272;1431
5534;8598
2132;3648
8964;7945
9809;2212
804;5479
4212;4293
1297;5939
6766;4585
2709;2464
728;2873
2290;5327
4399;9588
8623;7116
9370;9986
2842;6564
2371;4568
2354;9122
555;629
3552;3536
9142;7418
1797;201
7196;5268
1441;8847
2052;7307
6052;258
5363;848
9131;9135
4116;4418
8630;2964
8062;5529
4339;4827
967;3751
5826;6416
6851;3437
36;1251
3952;519
1870;7045
8530;8216
8119;503
7847;7183
4964;7436
6626;6681
1954;6013
4167;4662
794;1228
9892;6341
5638;4191
3548;2755
2624;746
2572;3112
333;87
3178;7321
9584;5541
3619;7968
514;6484
7759;4248
7229;2503
4635;3863
5508;8310
4964;2756
6997;694
8727;6677
4138;6820
8880;3068
3653;6591
5021;6497
2864;431
7401;5993
2317;7876
6059;8009
237;1642
2059;4457
9196;6464
7806;1305
3041;1949
1259;9524
2597;3904
4481;6875
1969;9165
402;5938
3347;4846
2965;1092
7173;4060
4865;4741
6198;6716
3984;961
6562;5744
4332;2984
6338;6276
9811;9435
2172;7693
9423;3093
7604;6226
711;5086
2488;8843
4130;6911
1484;7515
4848;2410
1045;6660
9;1968
8538;5525
8893;1561
4178;1604
625;6
6312;792
9043;8809
3257;4900
7217;309
362;7429
4698;1502
9275;4023
9057;2871
7486;4912
9504;3824
126;2829
4485;8944
2763;1392
6997;2139
3429;5720
1099;9001
4509;9208
579;1211
261;7786
6068;656
3735;5752
40;5086
7627;5314
50;1584
7228;5353
9366;8928
41;3590
690;4970
5844;350
3051;597
3062;1405
4180;7533
2116;2013
640;3256
4126;4185
5848;2669
3785;4478
1735;2797
8547;145
3255;3737
2348;7359
6187;6386
1015;6400
7788;5042
8229;5199
6696;887
5463;4426
3209;547
6670;4432
3559;2494
8639;6804
2144;2850
955;1005
3774;1325
5246;9653
3994;7479
2048;4350
9244;7285
4992;7661
236;23
6275;5831
1294;5988
4413;1135
5589;6156
5116;2377
1240;6016
8804;6990
6038;7086
3748;8422
9226;1310
2130;8066
7169;5464
7404;1841
6057;4993
5251;7726
8809;9304
7179;2047
5266;3389
5320;9109
4443;3939
9363;895
5121;1553
1707;983
6381;4562
4913;9574
2824;4081
6300;4589
156;4388
8171;7144
5600;7509
8530;8414
4125;5969
6412;8883
5931;3063
7973;279
2755;5723
4339;5111
639;1084
9890;8680
4567;4183
124;3643
6057;877
1542;7789
8214;7035
2092;1561
4013;2315
9639;3016
2674;4468
7646;4432
5845;7948
1779;6566
29;8881
8551;3677
4191;6936
7216;4895
1809;3481
9163;5215
4758;4578
4822;2478
2377;6814
6701;5082
2816;3735
8588;8805
5338;775
5190;165
1637;6923
3513;8019
1433;2120
7141;4721
2598;390
7240;3114
8915;38
9597;5850
9185;3934
5282;9100
9860;4802
3634;3585
9622;2782
196;2048
8419;5058
8921;3754
5347;290
7558;3448
9454;3773
7439;4294
5068;2782
4079;1761
8564;5402
2969;8163
6619;293
5732;5612
6959;9286
5433;8529
1349;9517
6217;5515
7166;6845
1712;4395
8264;7750
8649;3558
8044;2589
7024;7315
7657;9110
5780;2954
80;1499
3469;2386
6444;6829
6645;1875
4446;7801
4851;9156
9933;7900
9959;8486
1797;2690
9370;627
7264;8884
7121;6582
9275;1024
4277;1020
235;4135
187;3763
6708;9550
9123;5448
7737;271
2653;6533
5479;1673
6664;7182
541;3144
3397;9264
6028;6338
3060;660
3650;6126
6648;6422
2485;1035
1443;909
5946;984
3315;9976
5389;1489
5473;2543
9359;5132
1536;6399
5991;3059
1971;4002
2287;1566
6800;184
8094;1390
4243;5191
4486;249
4494;3277
5931;2366
180;9192
3173;2254
216;2354
9036;3879
1755;1204
2539;437
5722;8344
7600;4489
5007;381
1437;2945
846;5123
4280;6474
2105;2732
6438;8339
4248;6781
942;3342
9622;5740
9998;3619
8347;5390
1310;4327
9588;7875
5963;8952
6277;3675
3005;909
2443;8655
7132;5374
1240;9508
4941;2905
3489;7428
2110;4272
1077;1638
8561;4163
6934;1528
1169;9929
3442;8574
3893;398
4147;6982
3363;8911
9403;5025
3886;4215
5200;7425
9593;2610
5837;2827
3030;4853
5325;9379
8882;1698
9465;5755
8705;2687
367;4582
7561;3813
7881;145
6264;1035
7852;2509
3603;8247
5427;5735
1306;304
2751;8757
836;3934
4258;3641
5123;2012
9566;7468
251;9514
3457;880
1809;2728
4816;8433
8136;6788
1557;3360
7979;472
6543;2064
3269;1318
300;1741
8610;8605
9926;7879
7888;6497
9;7088
4947;4761
614;4676
9663;9847
9407;5732
2978;4845
9876;3056
4410;2857
5245;5246
3440;4652
8169;3459
1756;8137
9588;5956
6827;4128
6224;5377
8496;181
5104;4899
9398;1835
5256;5909
6859;8529
1218;1639
8640;9633
400;8321
7417;4616
6475;7862
9172;142
3963;3775
8856;6100
4968;5158
2570;2001
7615;1893
9341;4946
7179;7905
7076;487
5094;8319
6703;8076
8088;674
5692;3513
9553;9941
7164;1856
7895;2062
3603;5548
2129;938
4843;4214
3220;9370
8434;4510
850;5322
6753;688
9116;1045
9304;9157
1476;4125
529;3169
4755;6286
3155;7023
4371;7918
4604;2664
8148;3750
9333;5433
4017;7792
3067;9829
7725;3752
5900;643
266;508
9920;9591
1156;879
3653;2634
2930;5938
9973;8632
4240;6437
6318;5611
3819;7490
6092;7034
5233;2644
7912;6734
2813;8670
5037;7860
2455;2979
734;8132
7090;1447
6605;979
5525;5596
9973;9729
5092;4580
3313;9907
3089;9236
3397;2925
9342;2579
349;2961
2380;3532
7118;7672
4714;8465
8010;2522
8469;8127
886;7988
1253;5975
1355;8674
3549;7524
8911;3432
3140;9408
4308;6035
9122;1077
4678;6602
7927;1740
7929;5053
6417;35
728;9176
2613;4203
5080;1554
2907;6063
6890;1548
5688;2973
6217;842
5275;8142
2944;3586
6727;1137
3533;5137
1675;7267
4172;6563
7659;6602
3174;5628
8637;863
796;8794
2279;9118
7763;2950
484;1322
4770;14
3142;2061
3950;2356
1587;5583
9898;2049
7410;7161
2220;2388
4340;5167
3761;5802
5774;2825
8687;8322
8173;8580
2428;7109
1039;9221
1091;4186
7484;498
1433;6492
5482;5796
3737;9640
8830;4653
8977;359
8582;9377
8594;498
217;9824
9853;3674
9220;3538
2286;4189
7859;858
1058;6657
8960;2373
1192;3952
8257;9125
2574;538
5500;4367
9398;8031
5925;9334
9287;9904
7904;4504
6711;2689
9650;2107
2530;1692
7711;5291
6471;309
2609;4242
2220;3344
2532;9858
5384;6374
4207;1065
3074;5192
1222;2797
105;1625
3990;7797
862;4586
2238;6907
7797;8177
480;9340
7198;1812
9284;6501
388;886
276;406
3829;358
847;454
4759;7748
5290;388
9902;6527
2711;637
3591;5636
8459;9908
8189;5983
5077;3922
4083;147
780;8438
8740;7231
8357;8402
4287;856
5028;4914
951;4587
4280;7007
9275;5768
4011;5763
7516;5682
1378;4161
1868;1248
3701;7245
6234;1024
6477;3673
5148;6231
4104;1542
8162;5670
6285;8488
6492;1989
3215;8481
3083;5539
5677;5502
5340;1252
1912;7336
5760;3411
1785;1071
9434;2967
139;5600
8966;2147
5490;5399
6752;1490
7233;4153
1747;5170
4414;6462
2857;1490
1738;731
3923;6749
4027;6637
5900;2371
8569;6122
269;7115
5954;7685
3991;8476
3869;9993
384;9967
5092;2272
2176;3889
415;5767
2706;2384
9642;2685
8734;3109
8919;6456
3652;9705
653;9892
3030;1381
3089;5882
5364;393
172;8640
9656;987
8780;2181
8043;8444
9619;6725
6061;2279
109;3010
5324;3363
2474;9119
3431;736
7868;4380
3703;256
7887;103
3021;3846
8098;7516
9459;5075
4299;9089
2671;4099
1173;666
9075;2549
4696;8268
742;6873
4235;5273
1615;6852
7577;2780
7181;4512
2354;8413
4041;7534
255;6537
3964;372
6241;5939
2955;5766
3575;9396
9623;9144
6877;3209
8721;8427
9670;3814
5090;2225
9910;2845
468;78
6838;1680
599;9427
5176;1417
2937;5366
8157;4459
5844;830
9173;9474
8644;6890
2924;2334
8148;5048
873;1835
1349;6066
2540;501
5850;2708
3700;7552
9304;7042
4921;3279
6649;6429
9026;1459
9242;6191
4049;9208
3123;1091
9052;1731
4608;2223
3763;2784
151;679
9413;346
3988;4461
7391;1011
1474;493
4357;5885
8218;9311
7323;5428
5105;6022
9865;577
7164;7477
1126;2769
9830;2248
2538;5995
9623;6944
3308;9930
7517;9703
4632;4329
2344;9282
4322;1398
8464;6030
8069;4643
6636;9308
930;9818
9513;4372
2788;6036
3542;637
4503;2843
7148;2349
7282;2108
1052;2167
6380;1957
320;7939
1676;3665
9333;3038
1883;1406
209;1023
6200;9060
2463;6102
7077;7927
6657;1912
395;4087
7624;2444
4894;4422
3505;624
922;5857
5252;1990
9715;3249
7543;3208
8318;7545
6103;7745
2000;7292
8319;3908
5537;3444
3733;3701
7098;9469
8519;4443
3658;6232
3340;8947
4799;3860
7156;4212
2580;855
472;3028
8763;4087
284;7692
7072;1968
5560;90
7414;7148
6467;7835
1032;4313
2759;1841
391;3340
6742;6738
5294;7977
4076;1888
7179;5443
1277;7392
6850;2932
2253;6462
7005;2841
7472;2783
9821;9764
8391;9098
1606;8727
6728;1145
1047;6025
2786;9279
4967;1063
9597;8647
5630;98
9955;7616
6644;468
1547;3311
298;7010
1331;2574
7751;677
4082;6439
4931;3093
1595;6299
1232;9759
8412;348
5099;8917
7138;9584
513;2740
1438;3700
973;2395
7606;8508
3131;8807
6243;8212
453;6497
4031;7790
8449;8742
1843;3035
6870;8462
9503;8392
1055;777
9405;5601
4104;9938
871;9425
3942;5495
4674;209
4482;9957
2443;6879
8085;2984
8821;8162
7302;5169
5176;4221
7495;7874
2455;5722
8328;4231
7306;2412
1375;439
6;8688
3118;5784
4921;9366
7457;4422
4224;4872
9535;1918
3441;1400
3144;4747
3008;8281
7284;1551
3482;1706
3536;789
3301;1274
4836;623
7079;3397
7962;3352
9267;3498
6586;8533
2758;7155
9102;6036
4486;8878
5597;2719
408;6015
1318;4140
388;4470
9784;5806
9456;2349
7278;6784
5658;7445
1887;2236
6309;4553
4486;390
3827;9003
6083;3780
9533;3513
5821;4215
8796;6510
6591;5865
3763;1359
672;1075
492;7643
6128;9119
5805;7564
5791;8931
5411;2821
4553;3050
8916;9919
7452;1518
9254;4736
558;1270
3728;431
9013;8652
1392;6248
1767;189
6811;8669
505;9401
3382;449
1076;5581
329;7613
9320;3778
6267;9177
9603;3938
8783;9535
3626;1117
3879;8774
9081;8035
1311;1953
2592;5798
1878;4373
9070;8609
519;6202
36;3484
4744;6507
6817;6573
1322;3648
585;3544
5467;6325
125;2677
5779;7106
9973;5803
5138;8207
6083;4028
2382;7475
3541;2311
2184;1067
1011;9386
789;8154
9581;7272
3471;2129
9462;7653
5477;2254
6595;814
1998;9472
2644;6456
4285;171
6083;4749
8404;2128
9104;257
323;7530
4967;1005
6033;9024
3033;9889
8236;6072
4240;5870
1756;553
8039;7939
8282;2487
2947;5740
7308;9071
6741;6886
4218;2765
9107;2511
8334;7103
9035;9422
3453;2083
1662;9295
900;4547
4385;2851
461;2773
72;9613
7674;8669
5989;1994
6921;5416
641;5738
8516;3176
7173;7510
4558;589
1187;4347
2697;5152
2863;9046
9173;1317
8158;147
2478;1154
1485;5126
6831;8757
2783;638
275;6250
5155;4211
5676;6165
5378;7683
4128;2296
8489;3814
9373;8674
9386;4039
8718;4230
8913;7112
621;8931
9280;5519
1639;5680
3796;8958
5746;1126
8904;1954
7168;7675
2282;5700
3828;8453
9374;2608
2248;6746
2154;5735
6345;1546
8123;4217
1914;1203
4596;201
5819;7926
3208;2317
3897;6885
2188;5731
4425;4998
9473;9018
4614;6165
8007;3667
6053;1635
5662;2900
1291;6502
6165;2670
7794;5894
4101;9182
7434;7325
6650;4120
9325;8897
7032;835
1371;6551
9813;2233
1172;7425
6217;3803
106;506
8354;3305
5328;244
4901;1999
3197;3554
7169;989
4205;5734
3741;225
3892;6221
3886;7041
6383;824
4805;5706
7249;3090
5471;9418
156;3805
234;1376
7465;4278
8732;2174
8328;6032
4681;6593
9141;6763
5086;4043
251;79
3115;3453
9709;4362
2430;5135
9574;4365
8106;9350
2749;7647
9480;3661
8688;6803
3176;8962
4424;7588
423;7091
3326;2508
1331;1317
7751;9208
225;4673
3320;3099
374;107
1952;4043
3469;708
7965;7642
9092;7916
6585;2701
2046;520
6991;7764
926;7526
2714;1292
9578;3509
597;1983
4224;5950
5816;8045
2905;219
4542;6793
680;9388
7666;8867
3495;2834
8761;4541
6054;9737
6925;3172
4130;998
480;631
9784;5836
658;3730
8716;7405
5312;5111
2586;5112
1501;6857
5573;35
2311;6151
3641;3780
7719;1716
7049;489
1454;5491
1478;6270
5859;21
819;299
4536;8358
5150;7044
8251;9948
712;9664
2947;2924
4802;463
60;512
7423;5492
8313;6821
3241;6867
3134;5233
1965;8188
4475;766
2599;5548
6358;6359
7195;9089
1781;1829
2699;7751
4754;3432
5292;2965
7176;1382
220;5394
2048;2510
1516;2490
6050;5276
270;3661
3932;4804
7112;4119
4342;6270
4457;8126
1740;6041
6703;7258
1854;1272
2068;9582
8780;334
8032;1164
274;8408
3461;2233
4036;4843
4399;6472
1866;1479
7257;3419
464;4030
2642;778
7312;1830
5453;5526
7630;4782
2020;176
3684;176
3037;3259
882;6201
1846;1179
6019;3429
1223;1938
1819;344
8223;9928
8472;4049
5903;4972
7256;2709
2733;8102
3533;1984
5411;1188
6425;3748
8427;7455
271;1708
4209;5174
8639;5202
985;7376
5089;9419
1590;6291
6136;7542
5365;2406
972;7929
7009;4539
9339;7316
830;9106
3691;9278
6128;3916
4257;5670
9676;4209
5954;7626
4193;6458
4248;1860
7526;8453
2965;7441
5839;2602
877;8018
5542;3026
5387;4547
2912;6056
1094;3977
7393;8018
8162;52
4433;3823
452;3440
6356;4814
6193;9698
5286;4556
4606;5277
373;6825
333;3685
2742;902
3799;6253
5436;5484
9682;4490
2412;3996
7586;3953
141;910
8663;2732
7745;781
9501;1218
6770;9165
9841;3618
9652;7299
3904;5865
6745;507
5978;9012
5377;3640
9736;1986
810;5565
7293;2662
8210;8691
8402;1613
6792;8837
2402;8621
2129;5367
5512;8035
296;1439
3919;5418
8006;9475
8712;4572
6172;7502
2191;992
436;7883
6317;5068
1126;1153
3146;5954
6831;4153
3991;4917
313;3471
8726;5193
2852;2311
9184;3899
3261;1353
893;390
795;1902
5566;4613
6990;2683
2667;8447
25;10
2173;2810
6668;4738
2189;3410
1064;8399
4499;8392
6659;5234
8277;1880
7440;6443
7261;8391
7309;7926
8449;4496
1882;3001
1057;5698
5336;7180
2904;8493
5977;2913
7652;9844
8158;8430
416;8892
4889;6272
1109;8613
5020;3933
4635;8364
1235;1139
4500;1778
270;5734
1768;8290
4723;2867
4421;758
6641;262
3105;6076
6658;5691
8037;470
8876;1465
8388;6248
910;4762
9879;2176
564;1896
8476;5370
5449;9271
8132;8610
9528;3675
8301;3329
1050;9841
2621;5178
9620;3725
3579;6022
6268;5848
9248;3514
9277;216
7266;6974
284;830
8079;6183
9682;9607
4217;7954
7725;6650
4825;3825
7893;6225
5045;1092
2057;9585
7942;8521
2776;8774
2639;7567
6656;3993
6067;9679
4117;704
7328;385
5159;1730
3029;1218
7733;3840
9168;1297
5192;7978
150;1355
1966;7202
8320;4394
2075;6650
8074;8760
3384;5410
7004;1407
1619;1032
2841;1399
2063;3605
9001;6276
3599;7831
3435;6825
9285;8293
5183;8995
20;5294
536;5225
3013;6020
6041;1303
4760;8553
8702;9003
8991;4312
4701;9236
3713;7870
6702;5193
7819;1764
6384;92
7018;7939
3232;9485
861;6723
2808;3848
7477;8918
7742;3162
331;6455
2495;1557
1768;2346
8592;6727
1408;1225
461;5784
3560;7606
3274;6520
6742;200
3271;593
114;7119
7917;3099
6184;8583
7937;1153
6488;903
5815;2693
7116;7897
5617;5480
3945;3687
7182;5500
3206;3842
3623;3364
1652;232
4890;7128
1962;8620
1682;19
3296;7018
3389;1961
3921;7154
956;4497
2690;977
552;9752
8837;9120
6766;5394
4998;8418
4667;9214
6707;1192
8534;8906
2658;9828
1306;4912
4000;6423
2883;6756
7619;8689
7287;6242
7923;180
8395;4042
3988;4996
1467;9784
4098;4531
2997;9541
7688;6632
4589;8811
5482;5519
7449;3505
2234;4261
2909;6266
2891;219
914;504
2217;7908
2826;9965
9977;3007
7083;7324
8612;5887
6250;1344
8016;2940
1841;8494
2503;9245
8922;1514
8341;6674
5930;4458
6325;7380
6432;936
2796;3829
8612;9940
4229;3002
5138;1485
5043;4210
793;2535
5675;7098
7732;2208
8081;8810
8576;4076
8843;7074
5663;2555
5831;8996
747;9804
2974;3717
3170;9374
9130;801
6143;2886
1237;5167
108;6464
9002;3736
9392;4322
8229;8543
3347;7967
2533;6024
6005;776
8703;2403
8920;9399
9226;694
280;5368
6630;5681
9687;2591
8173;9417
2017;8976
6192;1294
5711;3356
8898;3531
498;2075
8819;5051
7096;3141
1225;4143
6733;9663
2851;3057
1496;8479
2028;5738
7420;4301
4951;3257
1034;4512
9195;204
6622;4819
4852;9288
5851;1380
5683;682
3623;716
7544;7311
4007;4773
8997;7161
7937;4804
9513;8978
9980;4423
3952;8240
4964;9121
8115;6202
6462;6827
9071;5944
8248;1668
5706;5892
6700;1001
9463;3047
6826;3993
2611;5322
7104;8539
1540;4774
8646;2178
5553;1291
2336;1777
7428;9337
3522;6253
623;8743
7628;6348
9404;4183
1607;5583
2412;7009
5535;6909
7238;7391
5867;268
3392;4340
6861;7348
3772;6131
9517;1094
155;3882
7988;9242
6589;6582
1913;3071
5607;6775
9318;4857
6139;2238
8865;101
8727;525
2074;3494
3151;23
5850;813
5982;3322
3174;2448
699;6099
5104;8107
1005;7466
409;6396
8772;5820
68;7439
1637;7556
2651;1468
1690;4715
3164;1398
5936;1628
2317;2829
1228;9925
5382;595
1252;5879
9816;7027
791;4019
8642;3431
2971;6162
2209;2924
8505;5583
4427;9753
2027;1908
797;7471
9550;3508
4647;5956
2786;635
4881;5146
624;4393
3214;1571
5411;3715
1407;2319
1849;4970
9316;9859
9288;6565
2723;349
4005;3964
5846;7478
6642;8911
7189;3692
1417;318
8986;734
7919;3311
9842;1815
3367;7170
7402;8479
3057;2585
2870;6205
9372;3525
2039;4178
5237;9315
8100;6259
6173;8012
9988;2194
6205;3099
6234;345
6809;1658
8404;5823
4799;3693
67;823
4604;9079
6946;7125
2739;731
1401;4319
7427;14
9727;1082
4324;3176
3887;1034
85;5609
231;9136
9104;4164
6528;9383
5187;6363
5203;9626
9149;9410
5057;4751
5340;1157
5951;5179
5009;9838
924;3649
2021;9281
8074;9592
6969;1599
122;7076
8989;9858
3067;9231
695;9144
6570;9357
571;5600
7789;6511
8878;9507
7283;1254
7687;295
269;5465
2982;8477
9062;8643
6968;1945
2829;1969
1682;1804
8919;538
798;5968
5999;3644
5114;7129
2969;2763
8658;5381
9197;6986
6518;4770
1023;6040
2608;7367
6655;1748
5390;8053
6595;9811
2256;8159
9569;5132
8746;6346
4555;5552
7082;639
7945;817
9581;6453
1164;5900
6447;1567
8115;361
4148;540
3702;8347
156;7867
4414;7030
2142;1252
9421;4829
4921;3872
5976;4575
6399;7186
6061;957
4567;3943
2135;6008
1206;4391
8634;1221
4352;7381
2412;9915
835;2046
9727;8922
2226;5045
9555;4339
2376;2991
3026;2141
2411;9586
6611;779
9513;2272
2306;9527
9126;3716
1516;3336
6297;9361
609;2189
823;3421
5162;562
2556;2218
6829;500
7792;5541
1436;19
5021;3860
9440;7068
