1;4000
7471;2084
2917;1815
6901;4081
4177;691
4684;9595
7994;2670
9034;1032
9965;465
2057;4550
8682;9186
5083;6826
4166;8579
7054;5135
7111;5059
1265;9719
84;4872
698;8446
4521;4654
5043;5112
2808;5875
3141;4375
3058;5238
3004;8268
5272;3968
7850;1545
1505;5088
664;5655
9378;9304
1648;4080
7820;6902
2679;4966
6281;5185
332;501
3818;8427
4424;6341
2435;37
2091;8533
9856;4704
8434;9832
501;1659
3459;2116
9866;8860
1672;6653
6722;1914
5019;9409
9597;855
2105;4265
8866;2507
6595;3076
3411;6096
5562;7805
1337;5036
4146;6635
7480;8333
6358;2932
6557;967
3111;3176
9752;3753
7648;7611
4215;9699
5396;5218
9520;5684
9999;2869
2494;5385
9770;7010
1949;1828
9149;5084
7876;5677
7862;3053
5427;8428
6439;4818
2613;8049
513;9143
2072;8290
7877;9756
1485;1869
1683;4710
4257;2071
333;1783
1934;6884
9667;7759
2504;4754
5824;725
4180;1281
7826;6191
2599;1710
7372;9820
420;4987
9566;1788
2274;1275
2418;429
4706;6374
4796;5672
312;3248
2249;6048
7620;3027
7584;6502
3432;5229
8444;8149
2324;9755
7245;5215
8790;1205
9783;8891
1109;9485
7581;2595
2465;9305
5624;8239
4024;5224
1505;8458
6771;8133
4207;5539
3709;3749
769;3739
1747;3593
6866;8074
3012;4170
3032;9283
8685;629
1628;1648
4504;7066
985;7610
6033;6777
2174;738
3495;2317
765;6461
541;6960
637;8251
8641;6337
9384;5400
8989;1429
5220;7426
6756;1829
3397;9271
8353;1272
6097;912
924;5770
3540;4795
4762;8400
5591;4582
3512;3756
2561;9097
4101;9419
1088;6092
8191;1383
5969;1443
9592;5321
1682;757
7563;5840
7932;2002
4240;1382
2013;9751
5490;3353
7054;3884
8455;4201
9273;8199
5737;670
9241;7279
5739;5290
1878;3174
1029;1229
7401;6965
1755;3121
752;4163
9112;9189
201;6977
4664;8051
6728;1019
4933;6981
4592;8733
7049;7041
17;6955
536;4545
9354;1402
2301;7575
248;6603
6774;914
9363;5798
811;2700
8030;1696
3436;1311
2825;5600
3811;1602
1531;9398
6901;5427
6191;2177
5237;2620
4043;819
6908;5037
3992;1813
4435;8134
1008;9771
6553;1623
3300;6616
5092;3213
7486;4284
2107;7166
5073;2909
8226;2467
9542;5937
1764;3773
7074;3382
9587;1988
5519;4530
4916;298
5623;1796
4331;5821
5689;8147
6056;6631
5889;1539
4305;8858
1245;1144
9913;8805
2949;1804
5806;579
6117;5097
6922;601
8358;7696
8160;6554
7591;263
621;9799
9434;3049
5970;7119
4196;7569
1094;9754
994;7235
396;5134
1853;3699
1046;9448
1779;9773
7301;7253
1745;4290
3610;7696
274;9009
2629;5598
5901;2793
3511;9651
7162;3660
7866;9271
8953;5031
5655;6293
4136;8525
922;7603
7056;1994
7774;54
1300;8126
300;9573
7450;5917
6207;2240
7873;4598
2901;6280
4620;7165
6435;427
3439;8590
8310;5919
1558;1978
2460;6485
9453;4484
4917;3149
7080;3614
1634;8391
3246;3718
5731;7272
2691;1915
4041;1508
9243;2488
4233;6145
4968;8856
8034;7487
4625;2646
3114;5238
1932;98
6019;1446
9160;7049
1264;3736
4396;5096
7103;612
1439;3179
6853;2122
5763;793
5696;70
6222;1302
6850;8143
6241;6443
7672;3795
149;5965
5855;569
9968;9608
8192;1621
5520;2118
9565;2670
6006;5849
7790;5327
4373;9647
748;9818
6696;7175
5819;9485
7607;2615
8070;8128
9338;6770
2867;5247
6346;1989
622;3554
9684;48
6240;7731
5295;3154
3505;3359
8212;4566
5107;173
306;1988
2319;4360
2656;3841
4424;497
4871;5806
6916;4873
2782;2611
9225;8489
2791;7945
7255;9773
5871;3575
3384;4220
6722;7293
6726;571
3893;8145
9459;886
4845;6532
783;4940
5848;6268
8705;7734
377;5414
1241;2582
1253;2839
2869;1243
1145;7822
9094;6876
3245;746
1863;5202
8965;3941
1196;4195
2281;3099
3922;2876
1035;1300
8662;5326
3911;9672
7335;6909
8083;992
7344;5895
6605;5089
5372;5125
6484;7852
3221;5220
8096;8817
8490;2907
4083;5883
8075;5499
1236;9480
425;5299
1947;2728
3283;5746
2824;8546
7278;4509
6766;9457
2088;7398
1396;929
1190;971
1145;4485
3202;1003
2439;2532
2705;8632
1495;2884
1087;5893
2020;7285
8431;7625
5763;4901
766;7275
2302;8704
3094;9999
5724;9947
7525;7638
4914;3519
7591;6656
1057;4871
4337;1897
666;7410
7138;6184
4937;7792
2386;8186
6578;5381
6121;8717
3371;1278
2522;8719
3700;1820
8744;517
2999;1171
8006;7628
1699;7784
7087;7421
4583;9838
1396;5185
8693;5541
661;7831
1929;5144
930;346
7303;2915
4073;8396
8445;8925
4247;5998
409;2471
1900;8070
6080;1268
9810;3856
2571;3074
2368;8689
3857;9368
8873;8397
5613;3873
3945;2745
5737;2264
3346;1761
9322;3235
1446;1520
37;5235
7413;4031
761;7677
749;9236
5125;154
3256;5799
8157;8336
3732;1392
8621;578
3720;2439
7848;5008
7520;7954
9836;2876
7299;1999
5266;300
4659;4551
7665;7168
3267;1124
3428;8941
3300;7353
8667;4380
7324;5931
4909;9775
9014;9793
2565;8197
599;7236
5793;487
2327;1787
4873;3198
7366;2066
2546;7603
8574;4631
8898;2968
9321;5852
5319;6793
9191;7226
1832;4485
6777;2230
3640;1021
6024;1805
2162;7546
9622;9859
2973;6585
2777;9819
8128;549
3398;8166
3127;9580
178;1151
9448;6400
8347;6442
1987;7826
3996;2315
7046;4846
1774;3192
541;5797
7474;1816
8008;15
6596;5165
7691;2602
2309;3324
5480;4456
1397;7964
5808;5532
4766;9827
5754;3476
9873;2663
521;4242
6033;4440
7255;6038
9998;5339
709;3086
8408;6012
8659;1041
5767;8929
7177;1652
1444;215
5868;253
6876;9340
994;6036
4619;9270
74;1680
4176;206
4956;5890
5666;5974
1633;9679
1266;3226
4174;4790
6141;195
6969;591
5067;3480
4241;3956
8344;8497
8253;5185
738;1655
7969;1867
187;55
8069;1702
8776;7572
4164;4811
7116;4540
3795;5793
4653;1957
4422;5906
2681;112
8928;6135
3852;5836
6421;2630
1866;2213
1084;7013
7638;9505
4677;5406
3774;6303
8893;1662
7430;5454
2261;2272
2767;211
2513;2656
8113;2188
9423;7183
9668;4270
5001;8126
3152;8338
7634;1981
7120;9890
4259;5118
6854;8986
9995;4564
5714;9741
7779;3844
1625;8624
1504;8313
9972;5204
4925;9152
592;7643
5152;295
5804;9262
3963;7982
8414;1783
2328;8292
3528;5486
3585;4102
5657;6450
8506;9192
3056;6283
1130;3916
4576;316
7695;3787
357;6081
2251;9628
6653;5118
1621;5503
6783;7592
9241;8558
4741;1064
2132;3119
5376;1839
7748;9895
5180;9765
7778;3
748;5101
4105;2668
7717;9112
8075;4898
1633;8444
8006;1246
3592;6995
1398;1820
7722;7990
7748;7133
4645;3299
5003;9078
4874;6613
7768;8353
8788;2079
8137;9980
5312;194
705;233
9693;8327
1732;247
1899;4130
8708;3837
1057;6248
636;9682
8096;8243
1221;878
8284;8470
6881;8136
7711;746
8967;6370
2944;8074
4943;8300
1032;4461
6366;2821
7862;7892
2495;366
6449;915
7099;2254
3170;3959
2596;6109
9168;508
64;4846
6207;2555
5836;2405
1114;9397
5432;5473
582;2729
3368;6744
8632;6276
3041;1943
2279;8741
4338;9768
7080;4703
7849;1225
3144;9320
3677;2375
3918;9142
9680;2442
4603;3164
8722;7430
4400;5393
6974;7929
6972;2579
5665;8618
6458;8560
6793;6142
2198;9694
9280;1479
3896;4229
5777;2709
400;2149
1934;4170
9480;1020
9310;8404
3039;7674
323;7982
2039;5176
8595;5351
8093;9475
950;165
4162;349
7879;5223
5063;6843
7785;4087
9618;8255
6559;5746
191;7895
8110;4269
2069;8361
3376;4283
4709;3862
5006;6347
9204;7251
2447;9797
1501;6844
7474;4484
8882;870
3340;6978
8003;5436
1661;1275
6390;5267
9940;8814
5718;5152
9160;7697
4415;4044
5311;6419
9175;3044
871;3120
9833;3134
2299;7377
9696;8448
7401;7942
3922;6114
2089;6415
1823;4263
9463;3870
5081;5672
5452;4681
2749;5666
4273;9395
5692;9436
3903;6423
7611;5703
6403;492
7184;797
497;4354
5996;9645
4079;9095
9936;7904
2497;7490
7505;2537
4391;4379
7100;6493
622;7756
6741;6845
3401;4387
3955;4713
2129;4152
551;9631
9618;8045
6888;617
7429;5750
2898;1147
1819;100
8609;5474
2483;7331
5194;9284
4692;4030
8693;8572
1687;3949
2453;6771
8284;444
1065;1681
8496;3190
8128;559
9718;1041
2512;3822
3485;6446
2958;5281
8169;636
8839;9532
2101;2972
5697;5224
6559;2315
7759;6263
6808;3016
6074;1706
5972;3252
126;9098
878;8822
2823;5292
1239;1213
3611;3441
3523;4791
2149;4749
8690;4311
5419;8842
8627;575
4479;7159
9533;9032
3150;9629
1780;3419
9834;6106
4855;4076
5414;498
2851;8522
4704;7348
702;56
6286;7747
3829;8698
5739;3886
4232;7589
215;9290
4151;7162
8150;4853
4403;8822
6480;9141
8247;9679
9129;5127
3186;9929
4809;4512
2536;4919
9175;5086
5762;4620
6242;6207
1583;4256
6656;2422
707;1198
5852;5457
5656;4844
3467;422
3606;8214
6432;2875
4414;2226
2135;9637
106;6235
4727;7692
3933;1287
7217;2348
6862;5796
4341;7932
6819;6827
6355;1740
1367;4050
1896;4694
7618;7550
8822;214
4125;5162
5563;6209
8261;9754
1931;3725
9171;1995
7550;9829
759;9516
8134;1587
1380;9114
4662;2616
6890;4652
8193;3639
1577;9654
3532;3691
7083;252
8242;9199
2895;1091
9615;4021
3254;4078
1117;4712
4375;7458
1561;1782
2789;594
4796;9508
279;8028
5058;3992
3429;4953
3294;1588
6094;5035
2745;7553
1261;698
7875;7849
4699;5435
9314;5383
6559;7480
8934;5658
8680;4279
3374;5793
4690;7583
1383;5197
7262;9710
210;5775
1814;2541
8918;4491
8837;2148
2010;1368
7612;3636
4994;1524
2568;2676
4684;764
9757;2571
880;374
5034;8192
2863;8314
7362;1101
3631;761
416;3342
7184;108
3130;913
9334;2944
5169;1797
461;4282
6435;7546
9484;2360
684;1891
1850;1721
2052;4639
834;932
9904;4172
599;5329
1773;7298
1572;4459
6368;902
3491;8515
8631;5861
9183;7997
6665;46
2585;6071
5954;3867
7837;3648
9782;8786
2346;3102
5989;6505
5669;7673
9297;4103
7776;174
5302;8334
4784;6338
6931;461
7639;5340
6703;1572
9352;2411
8395;7139
9394;6212
9907;8727
9650;6725
5042;243
4920;7738
5662;5873
2379;1720
7287;6944
8646;3861
568;5361
129;6368
8259;1971
2193;3703
2329;9235
5344;4419
8692;8915
2114;5457
7635;7168
6616;354
6501;1357
9841;3646
7431;5190
7689;9981
7037;1392
5451;7899
6779;3995
2004;5076
2492;5557
9330;3939
9050;8139
8140;3986
1435;723
8359;9905
6667;9880
4016;2609
1944;4979
5708;3719
3134;3992
183;2668
4331;1052
5853;9619
3560;2304
5077;6684
1912;2306
8896;4551
3426;9282
7578;1571
816;3840
820;7572
7812;2424
4720;5266
2309;3756
8755;7932
5798;3763
4916;3300
3595;2103
2865;9992
7297;1277
9539;4737
5588;7560
8962;5657
2006;1473
8213;9381
8624;4385
8444;7466
2741;6963
5674;677
9586;4673
4656;8031
7854;5287
539;1214
6420;3458
7287;3955
9972;7807
8842;245
8530;6707
8884;4933
781;9934
7693;5136
4014;4737
113;1158
4082;6492
6899;1165
7217;6094
2834;4734
1848;8501
8913;6578
2593;9438
2630;3232
503;172
9948;2314
3340;3472
4855;6065
7154;7404
7624;8327
5784;7448
828;6855
8002;1563
2982;904
2998;7301
3267;7432
3655;4846
7231;7895
3620;4933
2557;1654
8580;6008
6069;1280
4357;706
7963;9693
4403;7743
6941;8976
7153;1663
393;5970
9298;9517
7072;303
4479;539
5795;6378
8194;2128
2637;2020
8749;3071
805;2986
1004;2791
1914;4347
4315;3679
4750;6862
8638;2037
7777;8895
3033;2033
4592;2198
8985;6211
7374;2893
6863;5551
1924;7391
7634;1863
9344;6662
3501;5380
3625;1245
524;815
1431;3720
3488;5872
267;4963
8269;7197
3831;5445
9805;131
8872;3085
4381;245
6141;4710
3407;6627
9137;9050
2117;9136
8257;5401
689;4457
4709;3526
7176;8670
8055;7238
1341;7266
3628;6187
5969;7070
1238;7799
7597;8370
4527;4103
1698;9693
1173;6181
8324;2136
7697;2394
2962;4951
9083;5193
3946;9136
2622;5318
2120;1221
7445;1512
683;5132
6073;8468
3134;6033
1939;5700
5057;6419
7377;5219
1129;1330
9804;6509
2179;6575
9957;3114
8383;1088
4963;6380
3754;2148
735;8336
3977;86
2738;7557
4314;7324
1517;8933
6847;5105
9548;718
6629;115
8953;9970
4436;2362
5405;556
9796;5105
2163;6258
1698;7455
9578;5203
5964;293
9655;833
7671;6615
2283;8929
4178;8073
9615;9846
9342;546
7724;15
2327;2886
172;7034
5035;4653
6367;8230
653;595
8762;3420
2046;1940
6780;8809
2822;7103
2160;428
5761;7368
9893;2359
3014;6270
1309;7060
9966;4961
1038;2601
13;9660
7526;4304
589;1453
7608;6369
1784;3160
9210;2445
7599;2766
2701;2761
6499;8007
626;9430
2285;2094
7584;886
8502;6264
6894;957
9642;904
8340;8095
171;3284
1761;5456
8093;6631
4557;3123
3179;2205
7278;9620
1271;3345
380;1048
5112;8001
6961;2655
9090;4209
821;9495
9918;1151
6568;9905
7830;6984
8635;7985
3182;3443
9057;9027
1461;6395
9651;4844
5688;963
2856;4375
8936;9630
6878;8596
1250;1809
5038;7750
4680;3775
6265;3250
7282;8564
3493;6195
1995;6463
9446;9386
9101;8069
4709;9983
1616;3530
1331;5466
1416;3540
6265;6478
138;9971
2895;6277
3001;6554
5624;8019
5545;2980
2011;7928
3010;8964
9348;4496
9564;8364
7684;1303
9929;7265
9315;3793
9077;4119
5537;8392
6625;4452
5058;5735
1305;7464
4898;8417
7475;6920
3813;7739
3;4112
338;3155
6063;6434
2388;2800
2394;1073
3019;3388
4394;9714
7450;3000
9048;6778
9697;881
7136;668
3331;4183
1460;4811
9729;2809
6834;2820
8957;9988
4540;43
2950;8039
8597;1965
7999;5868
3729;8443
3750;7200
5221;1600
8850;6296
9001;4377
9225;927
6230;6152
3526;794
438;1667
1732;3219
6811;9561
7100;6963
2641;7202
8720;9309
5115;9252
1759;1175
7670;8396
5170;9967
8908;8022
2098;91
8771;8277
6516;6648
5046;8901
742;8664
9594;4498
2369;4400
7741;513
5905;2807
6134;1060
3935;1944
4117;2981
4987;7366
1131;4030
440;843
8007;6908
798;2587
3141;5051
2436;8171
5480;489
9535;4716
5019;8932
2340;9599
8082;2271
2091;8924
9028;4102
5043;2314
2250;9623
2806;5193
8307;7217
3953;9670
5890;5437
2263;350
6926;5716
321;2013
5591;8106
3234;1897
3252;4615
6201;567
443;2321
1361;1810
3845;6311
3890;3807
956;724
4698;969
7635;4712
7207;8235
4035;8948
8696;7384
2568;7464
2468;7972
7496;9100
5738;3872
9492;2560
9485;69
110;9211
833;3368
466;8140
5471;4972
5629;8694
7559;2513
1256;6755
7176;4035
1791;2360
865;6698
219;7884
9130;8504
7775;8019
5829;2224
8313;5006
8320;6894
6070;5211
3976;3734
7460;5999
8171;149
7257;5101
1258;7595
6979;8171
7172;6528
8663;4088
4294;4385
328;1697
10;616
365;6150
3976;6151
6877;7769
1548;3365
4534;1484
8037;6599
5931;227
6509;2603
6580;1463
6691;4889
2744;1978
220;5904
9079;2457
7939;6190
8733;9981
8255;243
1968;3559
1643;4661
641;5095
5344;5348
4970;5747
3976;7029
5849;5572
6385;162
735;2533
6342;7414
3584;5488
4926;4333
9672;4621
5371;6581
4249;1898
6951;9138
9945;3637
3095;1274
1580;7013
335;4762
8618;2443
8896;1792
4890;4171
2819;3352
2408;2095
7332;8487
1089;8913
3845;9736
9050;7976
8457;329
8748;8929
8115;4255
2721;136
9704;1213
8891;9191
1222;4591
9523;5401
973;2174
9775;1027
201;6026
1486;1257
6985;165
5369;6464
4351;2036
76;4076
3541;6568
9759;1596
4194;9635
2682;6713
6756;1106
2210;5287
8896;6389
8061;3007
6892;9306
109;1988
5029;8506
9207;9235
878;4195
9514;9960
2006;1921
4641;5054
131;5381
5545;8692
2052;787
1578;8969
2758;1183
7324;1805
5056;294
6956;5866
1774;1985
4713;4226
1159;3213
4806;6650
3400;5463
6562;4927
6428;2105
940;2531
2071;6860
2698;9011
9470;1579
8421;8991
1246;9970
4385;5445
9332;7535
9815;6970
1613;6995
469;9215
7545;2805
4673;1315
808;7936
8955;9204
9663;1088
3245;9037
1233;2686
6223;5577
4138;3615
9888;2394
5087;1490
8621;2961
8902;5445
2149;4365
8200;1932
3654;8210
8487;807
3996;6531
6783;3115
511;4047
7051;9411
4185;1924
3691;199
2128;2371
5149;8128
3218;7859
3292;4957
3549;3510
611;4967
4896;6315
6562;522
3779;223
6370;4752
917;1873
491;979
877;7730
597;8422
9518;9784
8406;8969
2511;3559
6994;359
1617;9179
318;6976
6692;3510
5591;667
453;8969
4891;448
9925;2508
6912;1811
3180;6482
7133;3432
2500;1649
4839;1531
5407;1365
8406;9872
3147;5221
6053;6442
2153;9793
7875;6239
7784;3988
6380;3241
1194;6527
6974;3669
9584;3530
6907;6931
7279;4860
1006;254
85;8929
5219;7974
8197;6986
4472;6656
3579;9582
9595;2793
6162;9834
9237;722
9492;439
6539;4527
501;3906
7126;9245
9994;8452
4471;3465
113;5156
1058;7542
2559;5523
8949;9069
6687;2453
1312;20
9701;1736
7267;7991
2144;5667
6041;7383
621;5177
2775;5013
6287;1906
7623;8654
1981;7110
1781;6313
3135;9958
8946;8662
7536;3818
8384;6976
6909;5477
6249;4181
8851;8879
5091;7163
1164;1929
7602;4360
1833;2188
9557;3849
7021;4875
8630;3621
6292;4491
325;7553
8999;9588
9592;7697
8278;8738
6889;5961
9402;4585
402;5952
7397;2035
1955;8870
4755;6071
2713;5664
3854;4485
6237;1354
255;877
637;6437
2434;3711
8642;4575
715;7888
4238;5391
3155;6347
7205;6150
8986;542
2365;6306
821;283
8611;4493
5316;5400
3955;8383
8193;3959
6667;4028
3647;4356
9388;2780
15;1498
2571;718
3298;514
6005;7596
7617;4955
2327;9794
7040;266
4388;4457
6315;7491
9168;112
9014;6617
4503;2374
351;3737
1322;2060
8489;1305
3313;7040
2579;6163
7987;8406
7915;5725
7950;6224
8644;8717
8863;23
6275;3238
1063;4426
7860;1538
5083;900
1183;7864
7433;2461
5534;3031
1913;9340
5731;6927
3459;138
3945;8087
6055;4777
8542;7677
3618;2688
1721;3739
2909;2113
8011;427
503;4117
3821;6046
1660;8000
4224;3257
7528;3137
6867;4493
8514;5967
4508;5807
5924;9853
7044;2693
965;9825
1107;2209
106;3855
294;6685
8419;7239
1952;5698
8022;6886
7031;4611
7040;7910
8007;9933
5583;5752
6108;4070
9174;3258
3161;4572
6787;3639
5258;5927
184;7028
5146;5140
3613;489
7734;5872
8068;8738
8461;9735
2320;5617
7380;7524
3699;4376
2771;7590
5217;8222
6859;3355
2040;1261
2767;7062
9538;3951
6257;2235
7194;6490
7951;3057
7500;8200
1800;4883
6630;870
3335;6450
4163;9293
6902;1008
2437;2765
4525;526
2173;7214
278;4443
9974;8761
3165;1995
5013;6065
8338;5047
6739;569
1221;6605
2846;893
1605;8663
6837;75
5082;1904
7565;2064
7366;8939
8879;6960
2944;2180
6129;2854
3294;7283
7677;5793
1474;3129
3823;8404
9260;9747
2570;2014
212;6280
1505;6710
7073;2127
7758;8733
4695;5724
3467;4826
359;7082
2463;8738
1776;2178
5004;5917
9320;9532
1300;8648
3129;1934
1289;5353
7587;9157
7687;4602
5388;718
1661;6485
908;1264
5661;1425
7927;5012
5925;9290
9878;9813
7936;9659
1740;5866
1763;7529
1465;8907
570;7388
5398;2753
4869;2589
6522;1517
7084;6272
6569;7489
5887;4683
3051;6734
7386;3695
69;769
783;4553
7417;9350
9350;5446
5922;6358
3725;1358
8246;8042
3407;5850
3411;472
4091;4900
244;957
2994;4756
9586;6384
1700;2854
7649;9980
6212;3303
3222;6806
6863;6173
9551;7483
6555;2877
7682;9073
4369;8321
1802;1838
3043;4161
8684;683
2989;6506
2750;482
2630;5719
5427;5211
4618;5577
2513;1826
227;3993
6074;1163
9642;7739
8031;9801
4191;9162
1051;8778
7642;3771
8608;7319
7639;3744
146;2350
5029;3884
9189;7447
8435;3390
1889;8082
3718;8906
1083;3583
3198;1746
6176;22
7434;4945
2365;2420
3185;3832
3630;9127
4764;7202
2685;5982
2408;4830
7665;2979
544;1088
9703;1536
820;3699
7731;6204
9689;1321
6891;652
7938;3543
4717;4126
71;2161
4913;1213
4746;3126
1995;4705
3534;4440
1315;8657
4233;6465
8069;6279
6662;7571
5761;5243
3412;9911
9318;1173
5394;7173
523;8625
2177;8625
3797;7694
89;1506
8466;3536
6855;6868
9592;5566
140;2348
3256;2853
8784;9023
3676;2331
9743;8511
9003;6845
796;761
9778;762
8921;2632
9082;1893
6932;2252
6209;9835
6404;4419
6341;2461
3262;7860
7141;4277
3462;6014
9447;2616
139;9216
3318;253
307;7629
2571;5888
8760;1086
650;7216
9145;4131
8152;4747
7372;1961
7704;8467
496;5735
4967;3499
4980;3763
5537;5454
1882;8455
6232;883
2903;7598
5864;3365
466;2512
4951;1159
7041;4966
6032;8037
3779;9321
6261;4981
6193;6330
1777;6731
5093;251
8973;3833
4278;1480
1246;7811
2585;2814
1063;4331
6826;8583
6250;6860
3857;2439
6310;1167
4565;1352
9234;9280
9935;508
1841;9996
9480;6235
6935;1908
5348;1804
8773;4045
1178;4046
4210;8692
3375;7052
718;737
3926;2949
4002;7962
8071;8699
7334;7123
7196;2205
1930;1343
7181;610
2694;5406
5083;8608
6478;6836
2525;4842
659;2342
2444;7
8244;1119
6970;1152
2014;8825
8101;2848
4258;8599
9588;7413
565;8415
7974;3130
5804;7256
3093;1597
7954;6135
3484;2700
767;3823
177;8492
9384;1290
3082;5309
3941;3330
7820;6810
5017;624
7256;9321
1299;564
1206;4860
4241;591
9866;6509
6703;3474
1317;5443
2549;29
1163;8841
2009;1065
2830;3139
3253;7036
329;7681
4065;820
1406;9638
8759;6320
7915;2301
4574;3186
1975;5297
8632;5832
1006;7138
1288;3168
2121;7572
4166;3954
6470;9697
1522;1563
7164;9493
1710;1043
150;3518
1459;882
6047;3858
9447;1611
2347;3125
7219;3491
9625;1282
4876;5938
2439;360
6182;2014
5455;2801
2711;2401
7995;4030
9520;4537
5695;164
5426;4313
6233;7271
9441;9650
7213;9498
1177;7556
8180;9549
7090;8872
5503;6494
6324;7797
8367;2703
9622;6487
6506;3795
2274;8588
5434;2962
7383;9342
2955;3733
8886;4120
1481;3326
4705;1637
4325;2093
9149;2933
523;3247
285;2252
1999;1059
2369;1372
8893;5009
5611;4651
3757;2009
5592;8066
2963;8729
2430;1887
4177;1325
5479;3233
2007;393
2724;1778
62;4881
5376;9093
6581;9833
7168;9753
2480;9369
4790;177
5263;8074
565;9446
9538;1135
1009;4822
5101;5944
5204;3548
6473;5679
5082;1653
3626;8386
5645;9970
2174;3496
6901;7310
2781;1362
898;858
3725;406
6588;4250
7612;781
2465;4486
3091;3053
1943;9882
5083;5358
9235;2583
2518;2726
4154;831
854;7814
2695;8115
7779;3173
6507;8635
4385;1341
8450;1081
850;564
3323;5641
5208;733
2508;2346
6117;6274
8847;2411
5729;115
3325;8052
6729;5655
8317;405
8398;1662
3080;9657
180;8439
5931;6252
7613;2244
4146;7132
4746;8970
6953;6384
9197;7393
9256;5352
843;6892
3671;3325
2813;4517
6321;6231
3950;1487
7450;7426
5152;9775
1381;1629
8164;5314
1578;332
4258;5516
5673;4582
2004;5310
2172;8977
7844;7710
5288;8875
568;2025
6826;1387
931;5281
4386;9527
632;150
3271;8083
689;5744
5460;9188
7809;6004
2732;5381
8812;4084
2617;8027
7355;146
5248;9360
4279;4264
6349;7121
2729;5769
6647;1812
1869;5298
779;7895
8515;6048
9430;1938
4259;6293
6859;2659
6798;6103
2268;99
8077;7370
7481;3760
8594;7742
5359;2395
6744;5892
3001;1418
4452;7640
1354;7373
5478;9896
8132;2755
809;2135
4094;8649
6280;3159
3698;7075
1215;4289
9868;9734
3289;8797
9214;4932
4015;1385
8433;9844
1333;829
4773;1016
609;3525
3519;2002
3035;5597
3218;3405
876;6487
5038;7201
2331;7481
6079;4221
4860;4518
7732;930
4737;5801
9237;9219
2343;1208
3486;848
7235;2339
6813;6368
4380;9126
7023;6897
3120;1377
4234;5942
3411;1374
7227;7633
9651;6682
3981;7170
1052;726
8792;9084
8880;2338
9965;8989
5165;4510
1458;4903
4485;6851
9035;4929
300;5910
6526;9119
9978;2427
572;4671
8125;4831
2910;5269
6130;3857
7667;7328
6938;4022
7423;8201
7970;3899
5837;3968
1862;8583
6552;7341
4201;4594
7774;9441
9825;9554
9423;2703
4393;6412
5097;6029
5926;4734
4205;7444
1802;9653
580;3973
295;2389
2658;3246
2166;5013
6835;6404
7039;6027
72;7308
1332;2732
9932;8728
9383;896
311;2256
7056;2230
8920;4995
7600;5369
8186;2735
2840;6657
4745;6298
8841;2880
3898;4995
4157;9262
4519;8737
459;2581
6763;8243
9902;998
9630;986
935;9377
7952;9064
4433;1274
8674;4008
4995;6503
4475;2687
8053;6283
8669;7949
2041;6312
9130;7392
6279;1790
541;3760
9473;7438
3642;854
751;9828
7361;9573
5025;8992
4732;9693
7136;1190
6292;4383
4698;4961
5325;6042
7877;8151
7739;4069
5411;4469
5633;7404
135;4310
7680;7289
3952;6070
1344;8601
1783;999
1636;1301
6344;6736
8629;7095
790;2137
1277;228
4222;8695
8209;5469
5869;1974
7129;836
7330;9794
3198;7367
8716;2616
3362;3328
3720;5552
7957;5669
708;759
3137;7226
1781;3552
7674;4208
9403;5546
5484;4860
684;3357
912;6793
2703;1947
7193;7508
8339;7592
9835;9847
1016;6592
5687;1733
8482;2381
5356;7452
287;5468
1367;5941
986;7777
6910;64
1238;5383
391;9716
1988;1369
9113;718
2663;3625
1369;960
2954;720
9990;4992
9154;2724
1953;8381
261;2800
8047;3527
6077;9725
3800;9365
9417;1091
7863;8389
7175;1903
6874;5778
506;3502
6476;7065
2638;3313
6580;2728
3970;6790
5256;383
7994;9105
9685;7834
8325;5621
4501;3135
6672;7010
7531;1035
3906;6962
496;8706
1589;7917
7486;7481
9260;2940
7240;1492
3615;9948
6132;8548
9270;7865
7584;3389
7261;2949
157;8507
6621;7546
993;3160
6449;2814
3429;6897
712;1595
7678;9944
5712;7545
1229;9134
605;1857
1302;4725
4673;9485
5118;398
1126;2654
5000;6020
6162;601
4418;330
3706;989
7941;8604
814;275
2784;8596
6075;7379
2146;6535
3505;7481
830;3834
7408;488
1808;4289
9479;1780
8312;1038
8012;1213
9817;2283
506;42
1819;4919
5177;4400
8740;5571
3943;8316
6458;9268
9279;8836
5964;7021
30;749
2519;4879
6732;8702
5239;8735
5281;9977
578;1054
8908;2139
9345;8030
2322;5904
1035;8239
8608;5084
1107;6740
9029;2275
6537;1833
8201;1062
2492;5156
2313;2965
8300;9693
6015;75
4003;4367
4401;2393
9764;8394
105;2268
9105;3319
1977;6977
3594;5770
975;4528
911;9348
1024;7040
482;9779
7374;682
844;3511
2717;1096
731;6230
1756;8458
1518;4472
8231;6901
2102;414
4516;8874
8546;7260
2798;6219
9902;176
8591;6220
8515;5665
1882;2690
7776;464
8539;9294
2852;9577
4811;4718
195;1902
690;7054
9802;1049
3726;7813
115;8417
3477;4363
9250;5375
8188;3268
7766;1466
9537;5971
7614;5975
8307;2620
9076;896
3706;9413
2530;4368
1740;9782
4681;4985
3478;9990
9560;9035
2400;5270
3009;4692
1058;3476
5653;9446
1248;9447
3421;9664
8596;4738
6573;4052
1995;4186
7867;6031
708;2926
8037;3525
7089;4864
2052;8542
881;6386
2775;3039
1817;7123
9581;2059
868;2978
8252;9874
6895;5280
5055;9973
4680;3948
2262;5142
2379;1831
4604;9562
1257;2030
6138;919
8259;9935
4827;6833
2445;6929
7792;6562
9586;3319
3613;5906
5363;3863
9322;525
6479;497
8836;445
765;3319
6398;6440
1870;2725
3373;7209
1501;2687
9169;4754
2334;7611
7452;4239
7685;2946
6908;3734
9860;2784
1776;8733
7650;6047
1126;6094
4907;6543
7433;2139
6322;1179
4381;64
3604;4899
1032;2511
5084;568
4499;6173
4445;6923
6078;6669
9761;7976
6458;3537
2321;2812
4031;7192
5795;5566
6629;1947
256;1594
1047;1795
2248;7294
6629;8544
1688;7878
8867;5119
8699;9499
6493;360
8647;9566
837;5483
1665;1842
9406;6537
3682;944
6527;1628
9632;4275
2711;6485
5898;8061
933;6996
8299;8188
2421;2787
3940;5818
6741;1582
143;2410
973;141
1283;8669
614;3905
4899;7222
430;4109
1679;9357
7001;8120
64;2042
5879;5988
5116;2601
5426;3835
3020;4962
6234;2570
7135;3139
9741;8644
8879;4784
2186;2093
6854;47
323;5937
658;8723
3512;169
1562;1749
2682;3022
876;1448
481;1977
8223;8628
8466;7081
6177;3622
6575;9504
4750;2659
7337;9028
9090;600
2260;5141
6391;5964
688;7781
3514;4453
2024;5400
5095;2719
688;2
3037;4984
9420;1062
2182;1323
625;2844
3689;7896
7328;2526
7205;6233
5022;9736
5234;783
3173;1668
8320;1393
510;1749
7592;93
1317;3982
2043;9657
928;9589
1510;4746
7364;7296
2725;5140
2630;3744
5062;4561
1585;5866
4612;7883
8469;2830
103;4152
1212;1115
1834;2775
1448;2681
5257;5469
3809;2818
4174;7128
1502;1206
4554;4636
6459;7033
8972;3821
1390;6572
3315;1260
7985;9535
2015;9434
180;8733
5379;864
3938;6082
2759;9280
5294;6865
8294;3625
6572;3268
1745;3754
6601;7719
5538;5057
4546;6275
551;2904
8523;2461
7416;6829
9556;2296
7136;8652
8636;2011
4690;8366
9647;939
1928;6565
3746;3444
1586;2393
1422;5372
2503;1599
6908;2470
7240;108
5870;530
7216;4730
1377;9549
7213;4118
5047;7148
620;9874
9947;9670
9168;9837
9336;2921
6047;3033
684;8343
9304;8470
7503;4579
3177;8059
2498;8826
8657;7286
4292;7165
965;5956
6558;8147
865;5312
2771;9300
8776;7146
2003;1946
5502;5140
1162;5738
1063;8598
6947;675
3578;3986
6378;980
3467;239
8238;2213
4313;9680
9007;257
663;7563
5956;8404
4774;9752
6940;6654
8823;9856
1124;5592
6501;4265
7407;5675
8036;5937
7608;1665
5689;5575
9619;1032
2548;1843
1689;4661
6063;671
2751;7951
9158;7369
5271;471
6017;4262
6502;2781
6636;871
1210;9675
4145;3280
3942;197
1508;4256
1748;6060
9743;5954
8887;1787
8057;2558
3505;1846
7402;1125
2519;2307
2901;5032
5034;7171
7275;5967
6483;2397
6988;7169
5395;3863
5143;2776
2188;9052
367;5548
4732;6048
8856;7988
8529;7625
7586;9938
333;2627
269;9094
2774;1661
4063;9567
4138;9163
4270;7617
1822;9348
6293;2975
190;9218
8993;8816
3578;7873
1225;3351
2986;7675
3835;1268
660;9474
2683;3788
214;1089
4357;2012
1161;5472
5160;9353
5859;2607
5689;5410
3706;7083
7852;5397
2141;1485
8533;6379
6524;4287
4279;4011
1268;9757
4360;1177
2754;6548
5341;3052
485;1086
8916;1393
6722;1681
6166;4641
6385;9331
5625;9312
8416;1635
9599;2557
6976;6885
3002;5312
5875;6510
1685;437
2451;5302
2665;471
7728;570
6992;5192
8176;3279
7062;27
606;6559
4134;2565
5839;9499
8501;5880
8657;7097
4340;4232
1252;404
3596;8772
4883;4457
8425;8365
9789;5420
9722;3341
6535;2500
4;8078
2914;4679
2584;1678
9283;7066
5317;4653
1802;6773
6504;3586
7399;3606
2502;4982
6514;6588
1521;4179
9665;3346
5677;5119
1700;5742
3916;1993
3249;1767
1674;4372
2320;685
9247;3279
259;5700
9786;6836
5347;5982
9517;639
4216;7815
7375;9789
5938;2828
8556;6658
6166;9795
6683;865
9039;5336
2236;5718
2652;7994
719;8411
9912;9631
2605;9636
283;7854
8548;1958
9554;3286
7552;5303
4122;5874
2854;2192
3482;5156
104;4989
9622;432
5121;2374
4870;8123
3951;2463
324;5231
6276;5592
5504;9820
4301;616
6067;1666
3166;4783
542;8846
5680;8727
8910;8912
3689;4918
5541;6534
751;54
6522;2997
5969;9283
6747;6791
6789;2905
5231;8676
9393;4257
8108;9069
8878;851
7494;376
7878;9509
992;1984
1461;258
990;1009
8223;3020
5093;7645
2323;5785
9072;9943
8880;2854
1486;9216
5627;7021
4810;3914
7020;80
1331;6751
3084;1934
3334;7178
4218;9777
6175;8854
4880;5273
9723;9681
3640;9513
8351;186
4442;2608
2158;4541
4048;7231
2442;7371
3665;3164
2561;8634
8509;2947
1280;8333
7679;7114
9454;2572
8133;1176
2472;2605
774;5492
268;8853
3708;3503
3914;2654
7582;3394
2807;9485
577;3204
9281;8747
6112;9631
8129;6868
4605;6346
6958;2417
1740;8496
9534;4221
9600;6260
8405;6050
3767;1809
4909;4341
9022;829
4417;8643
8627;1906
2153;7994
7350;4467
260;269
6364;8739
9901;5712
8941;9248
3167;286
9472;6735
8275;9301
4751;2053
8159;6829
5701;9605
6900;1830
9751;7191
678;7632
8926;3744
9897;7415
6400;6376
6999;4710
4689;3393
84;4558
2031;493
5908;7937
9510;3237
7119;9355
488;58
7609;5075
5566;6579
6803;7352
877;3791
8356;8276
4853;9792
1271;5328
8777;7211
1761;9607
9409;6165
2299;6821
7764;5677
282;630
6727;4853
2455;7651
1602;8772
2846;3584
1933;3066
1321;262
9947;5462
7093;4196
858;2168
6501;8149
2920;1935
7219;8677
578;857
1667;4170
2402;6532
888;9923
6542;1081
6337;9030
395;8690
1198;476
7886;4858
4639;8724
7308;1309
2171;2274
5030;2671
2772;2233
5522;8455
8739;5737
6166;6583
7399;3253
6068;2815
4725;3217
1725;3755
9694;2260
8795;9818
4763;4364
8451;8530
2262;7679
8860;7836
8657;3440
7148;3726
8684;7476
4903;6378
9155;1114
740;4333
7880;4929
6745;6690
6595;5794
1706;9252
8042;4893
2979;1683
6426;2021
532;9257
7354;9334
1293;4589
8059;5964
9242;1831
1224;3424
6876;8276
6038;564
6647;6051
8258;5994
6768;9615
6996;5361
4379;3183
9701;618
491;5840
8391;8542
5339;1144
9573;6132
9835;2285
7472;1248
8647;3508
5223;7870
3120;3442
1478;6689
7695;6204
536;3410
1818;1726
2532;9088
408;7589
6505;9110
9860;884
3203;12
3322;40
6409;6236
8494;3448
1229;2118
3561;3747
5320;7962
2045;4150
4358;2852
5332;5858
6154;1034
2419;3719
8805;3152
38;646
7014;8388
2720;9960
7275;8675
1601;8867
7027;1505
2806;5545
5052;3610
1099;6955
425;3803
2162;4419
5127;9591
7332;9243
1082;8848
7928;1241
5821;4774
2398;8855
2229;9668
8429;772
6910;595
3897;5436
8596;7973
5073;6620
2705;6267
7855;401
684;4558
7956;1265
3076;3539
8974;2835
3402;4682
3030;1769
5887;6765
7307;1739
3805;4713
1188;8093
6833;5826
2967;2776
5137;8828
2114;3431
5141;1928
2953;166
6938;7056
8251;8468
6115;8836
6723;6918
3404;8452
6736;3995
4012;4564
9585;9049
4761;5694
9661;8773
1209;1074
5532;1951
8852;9891
5504;2078
2151;2017
3608;9589
2688;6893
7079;2828
3049;1048
4415;9667
6166;8877
3872;9716
812;5779
5854;449
2697;7533
9093;9252
7174;4869
9710;7384
3969;7593
4319;1148
6520;8335
3178;214
8560;2034
7052;2928
8351;3583
1935;3711
6645;2719
9075;8213
7901;2228
3849;7723
5503;2766
5930;5568
857;5224
4949;4679
3073;9452
382;7339
672;6353
1726;5237
9264;8923
5230;387
9437;6603
6400;5210
7268;6501
3292;3138
5800;4481
4224;9467
9576;8891
4936;5866
5907;9807
4457;946
5950;7058
6007;3603
5824;1003
9072;5454
3059;1077
1489;3628
6444;8445
5841;5426
8014;745
2763;1902
4335;8903
4856;8291
527;8225
8816;5409
4518;8602
133;7618
922;1543
4241;9778
3634;4963
353;7709
3714;199
9391;4132
4504;9535
5384;4796
9006;6692
528;7552
5535;7188
7655;509
6402;254
333;4087
953;9081
1;5778
8685;1567
1610;5721
352;9457
4078;5840
4976;9773
9552;5203
8521;8803
5934;9504
5598;5537
411;3163
9033;8408
7867;8343
3386;6488
6925;6429
7573;3862
8141;3979
8648;3792
3362;6944
3472;7540
2683;4127
7525;1174
5515;3219
442;2602
5352;553
5963;155
3520;8721
9971;3549
5884;4617
4022;7817
7829;4109
3358;882
7116;8566
7769;5862
1213;2751
880;9890
5591;3237
8445;2268
2115;1404
9038;6119
2140;5336
1178;9328
7238;504
9392;2556
1549;9956
7924;4361
3696;959
4937;6062
2913;6500
1893;1881
3588;6869
2506;3100
4769;8676
3181;8518
6348;6075
2175;7296
1624;1711
7819;4476
6721;2971
7150;3869
965;2480
4985;7824
8711;477
109;8469
2366;679
9595;391
8369;585
4474;470
2779;1730
5;6583
744;5411
1591;3244
4630;4572
3040;8886
8886;3147
7302;6467
5796;7
1094;6349
5215;5835
3871;7985
3090;7761
8509;4853
8135;8380
5752;5295
3342;2919
6976;429
9232;710
174;9159
8673;4920
2167;9435
8911;7505
6014;4409
5080;4745
6349;1872
818;2396
6941;5473
5918;8483
4174;6623
7910;6066
7302;6658
4388;7940
1406;9924
5513;148
1732;9737
1631;1438
8785;828
9227;1351
1959;3877
9531;489
5766;9972
8026;2714
6789;5444
9823;489
1366;432
5405;1416
3733;7721
3618;6113
1822;1949
3924;5037
3272;3092
7935;4560
7322;2316
1011;710
9217;2712
8350;2324
2499;2229
6355;4052
1154;1219
9358;3650
7940;2363
3762;7303
7447;6517
6557;1334
2429;3994
2814;8590
9776;7171
7241;3045
8144;6934
8181;6712
2676;2457
8526;8816
3543;1075
6949;8385
4076;2598
4584;7881
1166;330
6799;7334
5295;9237
7113;5516
70;270
406;7176
1474;8671
5622;3051
5135;3222
3892;2475
5934;2902
6648;6714
7957;7146
9705;4916
4421;6028
3501;3473
6568;7059
6755;3984
7720;6025
631;4541
3695;306
3170;4081
3619;4452
9240;9704
5791;9458
9525;2488
1697;9119
3210;8144
7569;9141
2886;5081
6901;7265
6981;3908
9259;5563
4531;9229
415;9270
9454;6704
6316;54
6695;5770
8768;5457
534;1172
3804;385
6188;4499
4680;1007
9415;306
194;6168
5243;62
5605;6540
6201;1182
7783;7121
2436;7684
8468;4391
974;3661
9476;5496
9050;644
1549;3126
6900;5237
4153;6441
8706;3900
7008;5332
6485;7676
5345;2604
635;795
23;6231
2572;3630
451;1759
9434;2238
3017;3135
8194;3879
212;8741
6662;301
5942;8311
1873;8367
690;5483
2114;609
6116;267
7466;6696
2446;5446
5146;478
3571;1020
170;6247
4176;1227
8883;2185
395;9362
2781;8579
514;6635
2678;3294
5055;2694
8806;7288
6227;7021
655;8454
5151;2435
1535;2979
1542;4163
6706;9587
4613;566
671;3510
5817;4477
8783;3862
3785;7341
623;186
9288;1861
7839;1394
3393;2702
7054;3060
5126;8945
9270;7065
5868;6447
808;1001
6520;3052
7208;3378
9993;4670
783;4700
6011;5641
4516;3781
7367;2538
9887;3276
6823;6542
3847;8349
1643;5925
657;7641
8386;6751
7598;6248
4036;6946
9642;6298
811;6090
7129;1902
1057;936
2171;1726
5516;4513
4096;4269
2971;4908
1578;8023
1752;8349
9234;1140
3941;27
9518;2968
1231;5273
6461;2878
7333;3148
6450;167
5612;4289
2650;2513
2175;4946
3896;9443
4045;9522
5909;1595
9227;4686
2587;6145
512;9097
7731;3745
7650;4167
3088;2525
3197;2907
6868;283
5752;5879
7997;6862
595;5548
5272;4878
1774;2915
7344;8482
1603;3216
8957;6613
3213;678
1260;9354
9312;5856
9140;3399
5639;2914
6544;5415
722;8345
1504;124
4496;7122
6216;3288
7119;7006
3937;8487
5857;6867
3656;562
2332;237
5604;7890
4609;1051
5442;301
8591;4551
2699;9348
1053;2661
9476;2934
2231;9800
8722;6784
9383;2052
7510;1202
3946;9898
9646;2661
4029;2296
3664;6321
840;7801
6821;7345
2343;6626
3044;6022
9985;6063
2954;4117
4590;543
7063;7640
5727;6736
9043;4251
4741;3584
4559;1911
5449;6907
2582;9067
8028;8330
316;5635
1043;8676
9924;8382
3747;6668
5093;3891
5786;4840
8127;7264
4280;5852
3759;4932
8876;4093
4146;5502
3815;9405
627;3463
2332;2017
1724;6719
2743;404
3614;440
7507;6659
8828;6525
6203;7176
1293;60
909;9992
984;1641
7756;3953
9469;7114
1597;9023
8363;4393
1663;1523
6370;354
4836;2867
6969;9496
9744;5420
8042;54
9276;4560
6783;2552
1294;1676
8076;413
7351;8900
2208;2155
7030;2702
8240;9972
1149;109
2674;34
556;8306
9140;5715
8455;5605
3751;6149
3306;9413
2500;8999
6219;4673
1621;8133
1455;4510
9167;4006
1157;3318
6263;7026
5771;1358
9432;1848
9719;9103
1199;3685
7881;9018
4793;6017
2149;2242
158;2807
8933;7722
2733;7327
7864;1759
3500;3959
9124;6628
8631;9022
1880;7975
9768;1548
9077;2003
1408;5206
4510;5146
197;8132
6541;868
1998;8264
9057;504
6555;7994
4389;7652
6264;3436
4736;8524
5150;383
8393;3881
6439;1213
4548;1683
2361;4349
5754;3456
7710;711
329;1503
9552;9576
7852;8545
9039;9692
9709;6185
7699;133
3214;3639
9827;9397
2195;3599
4612;552
9156;7808
6518;4848
4121;933
76;6151
3088;7690
5745;3796
4674;4787
6776;2017
6948;6261
3124;9968
7739;8003
7362;7557
759;4920
9295;8776
6775;2014
489;6039
3761;8929
7309;6162
2460;6007
1201;1026
4123;8746
7963;3738
5323;6693
3498;4137
680;2293
2193;5882
8099;4953
5448;1021
2704;5697
2117;6953
5020;8179
9686;4982
6159;2537
4825;9302
7785;9576
4658;163
7433;4151
5540;5229
421;8218
4457;8689
8013;6023
9223;8549
7769;6157
7610;8708
6089;7801
2243;3948
4823;1366
7652;2719
3558;6988
8209;4776
6643;7805
865;8120
9403;8835
4563;2446
1070;6398
9002;4377
2931;7478
9034;3104
8975;3224
7373;3743
2835;5862
7562;9742
9266;3682
1130;4918
567;4492
7787;397
8364;3955
5109;1588
8999;1544
4704;5626
6412;3533
5081;244
9836;9373
7597;901
4897;5096
754;4201
5772;4972
9830;2096
2951;549
3397;3216
5854;4404
5625;4732
2032;4491
3413;651
5046;3757
410;141
1224;8913
5734;2555
1447;1651
3840;4210
7884;5407
3375;5613
7163;853
7101;6881
848;3684
2009;3354
1290;9015
8590;3051
5939;7680
906;2546
6002;1103
4578;8061
6000;3052
8094;4183
9201;8525
3956;3411
166;2337
89;5983
9732;2520
8663;890
9623;6578
9046;5807
3604;1844
3902;5772
9557;4699
2692;7918
2234;7278
4742;2237
9540;4411
4875;6492
6155;8016
8208;6695
7069;959
7093;3292
184;7451
2465;7171
1484;2473
3854;8924
8530;8426
7193;9409
7994;3234
7220;9586
796;458
1749;2865
4041;8631
8367;3724
2382;3998
233;2261
2726;8099
6552;5511
5237;9251
5050;2840
512;4839
8293;4562
7458;9608
3061;17
8959;3590
2149;3800
2700;2216
946;6565
2682;259
6934;9882
2879;736
8858;3011
8288;9689
3718;3108
144;7816
3988;9409
1505;356
4477;6218
6588;7335
8132;9146
2227;7286
2726;4001
2694;8941
5859;7946
9711;6976
4002;8117
7960;9930
2394;3749
2643;616
6545;4060
9715;2003
2806;5607
1312;4391
5020;9665
8576;2944
6610;2279
1600;8167
2644;7079
1536;5748
4375;3686
3036;6329
9559;2609
6160;252
5453;879
5622;7079
7811;1363
1850;4795
8421;2700
2670;8976
5781;6088
6684;7955
8338;9787
9368;6002
7420;2135
771;2902
7422;9097
9312;4955
4145;2956
9633;9391
8250;4599
3717;1444
9737;3039
3559;962
1070;2317
547;3286
1106;7717
1435;7361
9354;373
3276;2589
261;1743
6;4725
156;7203
1527;313
5350;1055
2057;8591
8408;3601
8291;9593
1107;4649
9488;7237
6744;6769
974;6619
1574;5965
9760;5417
4948;7018
5983;358
431;5703
6683;1020
5635;309
9091;4909
6803;490
9029;9694
5272;2270
6291;780
6885;4301
2946;4971
2117;1873
2388;3874
4241;2056
6650;3936
5214;5431
7029;3477
4123;7306
8358;983
1007;4075
425;3030
9671;8414
969;4680
6704;375
3463;9987
335;159
9430;5306
1980;2274
9465;3531
5383;170
9303;3077
3115;4995
7294;1452
7828;2094
7476;9619
6188;4087
8047;9967
6651;9936
8519;7709
8402;5274
63;2772
7642;456
2649;6840
9169;9268
9463;8126
5741;3066
3779;4635
5032;2213
5962;5234
4204;9117
8641;6658
5044;4929
6162;3745
8463;5004
444;9660
5698;6605
9070;2627
5027;6000
3049;5792
7003;1121
1056;7231
8264;227
4147;7834
3825;6659
9987;5820
441;4694
8400;7974
9077;1757
748;9355
2848;7793
4030;5174
7867;3485
6899;829
8370;5185
8843;8666
4209;5896
5672;2934
8355;8489
4139;7617
4388;9421
6049;5355
9138;8673
7510;9497
3600;4371
2145;5478
6058;8583
7990;2195
4937;4212
6617;8797
5328;1503
9531;7423
2357;6772
1334;7818
6614;5176
1296;5439
1707;4049
5025;742
1665;3191
5721;3630
6421;3783
141;3714
6850;8153
7857;4009
6989;8453
3649;2939
9953;3551
1928;7141
5791;9867
8995;5435
4083;3738
3620;2553
1413;7
8947;9737
4037;3932
9046;8168
9029;1298
1564;315
2985;4656
3891;3788
5971;1951
3999;2012
9814;7542
8689;6182
4063;4560
1377;3290
9988;1884
8726;5808
2844;8614
465;9561
5279;3889
9536;7710
270;78
364;408
219;3013
1474;1627
9999;3715
4954;6975
5612;2312
9333;8861
6858;6316
4308;8316
1985;2213
5491;5935
4597;1495
4811;7995
8300;9623
7561;7578
2530;9217
208;4725
3793;6791
4015;4090
167;5721
8308;3336
3302;6837
3771;611
1435;2002
562;4853
8905;5357
8206;8338
2588;1525
4263;6991
3255;22
6580;230
417;315
9561;8836
2437;2590
8348;6248
9850;5108
6063;6013
8712;234
8331;5647
2548;7718
6196;5128
5996;5607
3222;6388
606;6282
5105;8771
3424;7562
418;4180
1946;6548
9279;4869
4855;6930
2632;6218
6516;8876
8650;6684
4661;4276
4279;7134
4889;9111
9384;2232
2667;9055
8106;7213
3373;3988
7092;4432
3572;2067
3043;5411
2215;4242
2692;5748
8722;5631
6753;2210
6027;1084
5640;3641
580;8401
8852;9851
8011;4202
1761;5601
2735;4224
3288;9987
2095;1959
5414;5049
822;6965
839;1291
9590;6943
8199;1913
2182;5702
5222;2062
9451;2542
8956;4145
4627;7221
8776;5360
3761;8707
2259;8990
7166;5205
6211;6723
2524;7554
5154;5281
8026;8054
7382;6991
4385;1992
4348;555
7835;9725
2578;5283
2364;3018
8585;9275
8313;531
6297;9669
6217;3859
3442;955
9322;7290
7986;5563
5514;1620
8258;9470
9631;4756
717;4398
46;9596
7428;7341
9238;2738
1288;7598
6659;5925
793;1288
3613;5823
7702;3400
4114;6731
347;7831
2701;5109
2534;6571
74;4438
2991;247
48;3880
3132;3536
6830;4399
1558;644
9896;1621
2145;7981
4852;5525
8837;3466
2593;3288
4347;4456
5776;3058
1820;9211
1186;3262
8246;22
8928;4174
5904;9637
4524;5882
3433;6477
7989;9557
1273;8269
4754;6979
7171;8204
6889;6623
6178;2477
9524;3334
6183;3183
6551;2558
4355;5922
1786;9459
2126;7192
6572;7824
6296;2659
2510;3622
1719;3757
8450;3307
6611;6686
4195;7530
5017;4873
9453;6768
2195;3219
5502;6591
7779;38
8741;6757
8433;506
9881;148
6444;3652
9827;4661
3177;3434
3527;3627
6662;3299
5995;8043
703;2754
532;6990
8861;3971
7770;945
393;6184
5568;6421
6848;5759
4033;9309
7357;198
6966;8653
7890;5057
899;2182
4730;3784
5541;9848
5274;1819
4949;1884
9860;7953
7005;3451
6813;7898
9915;8777
9124;7301
8327;3930
5275;4023
8429;8817
8593;2404
896;5811
9217;5439
2935;4559
275;4337
5827;9922
5191;8749
2353;2751
6160;5110
9269;1275
4809;5013
3619;4217
4791;299
8068;5476
2638;6621
9684;4161
7603;2679
8630;3102
3396;7994
8079;3580
4731;8134
4341;3930
9442;2652
6653;4935
2537;7628
9396;5471
2019;1675
5579;7752
7570;1553
9381;2679
2237;1115
7229;2313
4190;5209
1471;8287
268;8378
8028;2101
5579;6725
9587;5659
3729;135
8878;8171
369;1218
2361;8586
8741;6784
3258;1095
9615;7445
4277;4930
9619;1012
4610;8664
1330;5782
2819;3543
5689;495
7091;9993
2327;8782
6988;6359
6199;7268
6320;9212
9567;8120
5044;85
6804;8819
9198;4385
5775;4208
1809;4404
3601;8425
4414;9845
6513;7276
8405;6097
3187;4787
7743;2587
8468;1194
9756;1004
9721;3500
8722;5898
1159;3839
7718;8239
2469;5385
7822;5883
6806;289
188;3565
9797;9240
5706;9051
5579;7631
9044;1358
8105;9029
8684;1622
5948;2675
2258;7053
6661;8071
6953;3730
2380;6371
8046;4507
1827;5249
4744;4168
5085;1197
1405;5181
6644;784
3957;3857
9057;328
5872;8557
4259;1616
5392;8694
2128;9868
5886;5707
6157;8935
4192;4944
4263;7930
7577;423
8702;2883
8575;2838
2819;6856
8347;4828
3927;1988
3474;6549
1002;7371
8094;8878
3081;7358
3184;1201
9243;5945
7429;5672
3898;4170
9610;78
1722;9177
734;6980
5052;5504
5225;7703
2764;1464
4420;5904
3802;6057
2338;6940
336;4762
3230;6093
5277;5765
2772;791
6370;1713
9940;9417
4391;5894
4554;2051
6143;5950
6316;6515
3865;2617
4719;6488
1433;5841
5666;7139
4327;5631
9830;7695
4680;481
9852;9700
4970;1846
8315;4310
3886;9219
6102;1932
5746;6688
1222;2731
470;8491
1484;7092
4563;8054
494;1021
4810;2282
5381;2601
5480;454
6364;2153
6698;4966
2837;552
6356;9392
7982;7249
436;7849
4106;1993
6945;8503
3853;2006
6794;3177
8262;9390
902;4515
1211;1942
6564;1917
1236;4209
7691;7542
5921;4647
2931;4088
1105;8999
2851;6772
7004;9691
2392;2937
6008;5915
7620;4082
2401;9361
6441;6745
2528;6086
1373;612
5061;5889
8761;4559
4896;6744
2864;3843
976;3330
5137;4633
7864;5515
8743;5225
3232;4757
5817;6863
8610;3817
328;874
8721;7947
2559;3021
5509;3739
2098;405
6572;5204
5078;1057
4138;5352
7902;1410
9934;5494
4126;2276
3357;3841
3343;9645
5195;9557
928;2661
6821;8380
5327;7450
5251;1155
5207;2153
7773;7175
2237;5449
5912;125
6514;8155
7471;5563
735;5062
7060;5395
6102;2066
103;6610
7633;1879
2656;8632
9061;120
9529;6108
7848;2418
6192;1684
8942;2333
5726;6373
1884;9328
700;3485
9604;5839
1256;5792
8842;2552
4911;4573
1499;1399
642;3493
3418;6513
9666;9906
2130;4388
7972;1083
7876;5843
1188;3121
2908;4031
605;5850
2468;4702
312;7909
7133;7194
9324;2357
281;7231
9266;4675
6316;5499
7782;1824
4977;9165
124;3131
4591;7076
6603;1231
2420;3156
1513;4004
3423;6721
9971;6543
9655;2847
2685;5513
1346;758
5092;6982
7208;3220
6561;2778
5959;5396
7339;9740
3211;7277
5835;834
7907;9862
6461;7078
294;1580
8745;4404
9064;8108
1707;198
8745;5693
3625;98
9663;5374
6191;6809
1909;3068
3816;9210
1580;8405
3381;1814
2298;3404
7059;1766
7510;592
1044;3013
9385;9034
5956;4988
8263;5859
507;6249
2577;367
8616;1849
2893;7545
1575;6911
5321;7922
1072;7874
8908;1102
5977;7191
8836;1005
5577;6847
2263;1888
4671;1042
6435;5561
1387;8598
9385;1833
6872;1210
1926;6235
7124;4535
5944;1284
1146;5296
8059;195
6317;9069
9594;4808
1437;223
3502;2737
242;7614
6422;2247
3357;7053
9315;7233
4634;4321
3325;8805
8606;553
8405;4441
9402;5200
1037;473
7873;421
3941;8727
2923;4810
5045;3561
5057;3600
5196;1242
5036;7171
4102;9645
8177;9576
1796;2576
5326;4059
8587;9696
4810;3097
9864;9948
5801;6365
3421;3711
2408;1202
6014;6457
9573;6657
2763;4600
6363;3989
7693;2442
9630;3631
6236;7644
1142;1038
832;1482
4309;1606
8881;9306
2372;7892
8292;6082
8574;725
9581;1673
210;9519
5078;583
2697;6029
5184;1338
6857;168
8795;1325
2436;6068
44;3993
3561;1527
6327;6623
7327;4216
3203;8534
4966;3600
217;1571
6184;8346
7956;6957
1158;5232
714;5232
1400;7034
1014;8846
259;3660
1980;242
6167;2964
987;1733
6915;5049
3417;7371
1206;6678
8427;1116
4544;388
9604;83
108;6358
2151;6445
1675;3686
4806;6625
4895;1784
9068;1830
5250;1867
553;9693
5893;3150
7238;2795
6224;8293
7244;6214
2530;7885
4394;2847
5331;4304
3259;2274
4147;1159
6647;6150
9346;5723
7568;742
2435;8223
4607;5106
720;3706
4296;1620
9597;9263
6641;4113
5917;1882
226;7666
8828;9912
1495;3309
316;4166
8728;321
6230;3109
5014;8573
36;191
6072;3490
5745;448
8176;6582
3510;7744
8617;5200
1231;3684
6173;6220
8199;4141
1841;9691
2254;9580
764;107
252;948
4697;4971
2722;3727
629;2555
7509;8956
5269;3367
3953;1526
6944;2737
8656;2830
6205;5131
6275;6994
3911;4354
3924;7353
896;7615
5766;2538
6464;5587
5145;9662
3891;5074
5231;5387
9884;5632
5549;4407
1516;6630
1020;8826
8539;6597
2133;1234
1174;2429
9791;8914
3490;2062
5962;6517
305;541
1813;9827
1173;6075
8250;3743
8478;9632
9912;3519
7899;8888
2579;9471
8602;4959
5674;1832
7388;8215
6100;4281
5719;7715
6981;1754
1070;7302
5066;614
4364;267
3511;6957
3375;3596
2565;1935
7966;2332
9280;1304
6738;4307
8778;119
6274;5624
3842;2471
3553;7650
6642;480
9262;7005
6244;6364
4797;1049
8246;6359
8525;2702
8328;5476
7546;110
9825;7676
9607;8596
6506;6870
6118;4630
5700;377
1260;4150
3581;7933
4071;442
4018;6167
107;7
4731;577
6764;8395
9633;4466
1676;1781
4267;7046
6742;4237
1997;982
1291;5112
2236;2993
6628;5702
8398;9838
797;9487
2505;5994
6789;5597
5403;8636
9585;905
6405;159
7479;2157
3853;8407
909;5882
8543;13
7688;485
5275;2832
6955;1883
3888;9290
5432;1335
37;3666
8655;1671
7727;2836
6706;6059
129;1771
8710;1653
2592;2254
2821;8976
1892;5670
8801;6741
8767;8478
8364;979
6569;2052
4475;6765
7462;6919
4493;653
9017;5114
3662;1990
8279;3374
4808;1693
7436;4185
7323;7770
5045;1333
3511;7923
9467;1521
3189;868
6629;3872
8096;9693
2505;4700
6073;2508
1849;5775
1278;7949
8589;525
731;5656
53;4073
9404;4760
6710;9854
5750;6621
1492;7641
7067;1602
7896;5261
9444;3465
4078;9027
140;9173
918;5952
1214;6295
5634;4189
1973;5039
8979;6849
4383;6965
3226;8276
9971;7900
231;1251
8947;8221
3702;8142
2272;9755
7465;8988
5244;4839
2006;4750
6772;9768
4842;4486
2007;1790
6404;1124
7199;6115
2003;1648
4775;6965
2197;4019
3483;4605
8414;4979
3149;8513
8033;9970
6136;5362
3299;8858
7855;9320
1423;8890
6877;1360
9010;9366
1105;3668
2556;870
220;5098
8186;5607
6225;3621
8013;4360
3254;2201
7556;9910
5028;5170
8496;6375
3357;3247
3731;8839
3902;6678
7149;7917
6035;7590
8844;9429
2106;4668
7601;247
7658;5491
6384;7548
8235;4485
3307;197
278;7329
78;7815
3334;5877
2305;5168
8285;1183
1169;6979
1645;6035
3985;989
9109;2589
1951;5166
2454;5125
6973;8296
2708;2736
5902;1931
9018;1857
9723;5593
7061;3915
7271;6504
3054;9131
7939;9671
9386;3492
5467;4157
5759;2286
5404;6529
5333;204
2116;3110
8838;5014
7333;8480
849;9063
1112;8872
1523;454
7853;5597
3961;3659
4538;5454
2055;7522
5696;2164
6204;7150
9796;5352
4600;5011
4724;1293
5902;5727
5798;2721
5093;8493
8381;3382
8053;844
8572;6649
1963;7573
9668;6566
8030;9004
9142;3951
239;3534
750;9829
8823;391
9009;3394
9990;9894
8798;1942
4056;126
1121;5768
2600;940
7155;1898
1507;8450
6649;6712
837;5763
3444;8986
4347;8623
443;1720
1193;7828
8708;3201
9831;3811
512;5230
9487;2636
4189;9121
7672;6770
9371;8215
3189;8500
4843;8938
2818;8603
7631;1193
6455;7984
1201;2799
9856;5391
2652;2061
6337;38
3666;7117
8782;3970
7634;679
1161;5374
5854;4023
4349;660
8991;4607
4535;118
6089;7624
3728;9227
2355;2916
967;5277
8632;5220
9708;6866
65;7485
1577;2059
8765;4155
9162;9495
5495;3698
872;5596
8328;7465
8997;157
2070;4954
8060;2088
799;3983
4328;6805
7317;7908
8885;6929
7532;1061
6095;8268
4814;7847
6454;3841
9252;590
7846;9687
9377;6135
2042;7554
9402;1461
3924;1211
3343;4115
9337;5087
8445;4146
3771;6230
4299;404
8110;3141
733;5555
9588;7957
7109;981
5794;1676
8031;4838
7066;5621
5589;3993
7933;6187
6306;3294
1426;4085
1681;3684
984;3721
4877;4050
3484;3160
2484;364
3458;189
9534;9677
2978;5411
7983;5836
3861;8995
3721;8401
8872;3751
4842;6188
6419;3530
4391;2085
8872;2592
4088;6372
8070;8566
1626;1627
2881;8871
3074;3476
2684;8097
3634;7965
7612;1707
4534;8109
1003;9652
1216;9319
2095;2013
8112;5810
7267;7631
8311;7870
6294;5816
2193;2897
6013;704
7710;1509
7574;7610
6414;3672
5007;796
3561;8844
2229;2495
7671;8383
2806;3719
4738;8112
1810;8429
5013;3881
1907;3974
5703;3169
6476;2345
1246;1364
980;8770
3945;2218
92;6449
1605;8130
2138;8795
5608;7448
4301;3480
2356;2756
1743;5777
3394;6232
1298;2210
4668;5617
5709;9385
3370;7060
7537;6995
1611;9151
2787;8490
9746;5870
3086;7641
8630;4792
1801;4344
9259;942
3869;8400
353;5983
1326;5707
9237;7007
6511;7361
9071;9187
2761;8454
5964;1750
8024;44
2758;7295
302;4720
2438;369
5048;3467
2966;2368
3764;9104
7126;6344
9883;9503
5467;7105
2753;1980
7814;9089
3034;8783
8964;6970
3140;2452
7163;1649
4498;8956
9763;7376
9343;5993
9060;4103
8520;3597
2710;2848
8360;4307
7377;848
9036;528
1289;7586
4061;7447
1233;2404
5545;874
2201;9320
2691;742
3358;4940
1622;2615
2296;901
3079;1555
672;3145
810;4939
8191;6514
7513;3427
8669;4643
7107;2182
1442;1947
1777;7634
3710;6595
9782;8640
4619;820
5301;4699
9831;7652
4747;8044
6120;1189
4931;906
9165;945
7201;3992
4095;9443
8267;7345
7581;6243
2793;117
2327;904
5065;1528
9634;1970
7005;1290
3408;9048
7673;4125
9438;235
5003;9645
7080;7759
3971;5845
6563;534
6669;1704
4083;3524
8805;2012
8542;301
4054;5411
8360;6996
2382;4873
4117;2955
958;8347
2976;5831
6605;6165
3792;6628
6885;918
7602;3209
2824;5006
6830;9216
91;821
7907;8964
6980;8621
6267;7934
6943;7548
9723;2728
621;5955
6054;4032
7329;8244
3326;1008
8762;6722
6941;5833
8343;8696
5685;2606
8068;904
183;5765
962;5742
1032;9300
1340;6265
684;9549
6950;9889
2606;1200
6768;3901
3680;8193
5721;9433
917;8689
2952;4376
1553;5988
3367;9869
6396;5365
3134;9472
9888;128
8603;4874
6756;8904
4648;7112
4371;158
2838;7661
1949;9242
2050;9463
2625;7887
4106;3990
2038;6014
4903;6794
7596;939
7075;616
5861;9643
3704;2104
1577;5615
3879;5482
826;2999
9914;4062
2482;7208
2980;8428
6691;3051
8582;8310
6471;8462
5792;3710
8673;4415
4538;9655
3521;9313
3304;8131
7763;9212
5618;195
5048;3602
7410;1047
8559;165
8916;921
5184;899
4197;5070
7507;6327
8524;6824
9810;4118
8889;8720
6878;3372
5747;8056
9942;6087
4695;4852
2336;2854
5267;2183
282;1117
4461;7350
3229;5062
2584;7004
3098;1266
7062;904
5726;385
3798;6353
8264;8577
7640;6678
8668;437
5818;6664
5282;5192
7856;6240
2499;3091
5710;8578
7263;3658
4346;7379
7747;2592
2164;2198
9914;9470
2743;9885
9882;4166
4215;4906
11;5874
253;1194
4459;4990
7135;3443
5581;4763
4637;6317
6014;6563
4599;5910
2512;9915
9955;8964
6708;6019
8710;1874
4840;1385
1914;3281
3177;6422
2018;1212
8412;2341
8185;8111
2572;8580
8090;4893
174;2109
1527;8192
1270;9412
9777;3325
7797;1755
6075;9215
2225;4417
6747;468
6870;952
9655;6142
9440;4283
6401;4342
5396;7450
7449;6707
533;8159
4767;7124
7802;2933
4898;4515
880;8657
6485;475
3203;1532
160;8648
5304;6095
5467;4282
5137;9816
9005;9193
5792;2040
349;9453
2508;9521
7468;614
6213;4679
1323;7959
3950;6822
144;7369
7513;1063
7468;5761
349;4431
4448;8694
9376;3757
6163;6805
2751;5316
3710;1967
6802;1944
8697;8737
5369;9321
4448;6569
2605;9516
8670;3507
5933;6481
5673;2650
9295;5185
2288;8525
8097;3327
578;1713
6316;2173
2159;6534
3131;956
3464;8443
1127;7490
8686;4866
636;6170
7245;5679
5102;3376
5653;7237
490;9459
9402;6951
7709;5909
9127;3755
768;6136
6717;3499
4974;8344
1243;7300
8853;9386
1655;5179
675;9212
3016;6939
5471;6543
5736;7178
1266;7721
2737;1545
3865;2378
7750;6952
7994;1489
9096;9276
8853;5670
7168;8293
2198;4168
599;1086
2980;7879
5608;1945
2245;2972
5408;8933
9498;5177
1687;4691
3110;8675
8181;1833
4399;7658
7134;1302
2049;3092
3039;5449
2227;1990
4501;6291
6358;1604
4237;3353
2903;6314
9330;4863
1682;752
8659;643
9271;8671
2121;4988
1870;3450
6729;3076
7617;2753
7961;5000
3830;6838
844;7371
5862;7259
4162;3654
3374;340
2925;859
6677;7649
8753;2036
528;3945
5196;1139
5233;1590
5189;9248
5281;9253
783;8896
3816;1873
1126;6286
7250;8340
3244;9567
8038;3095
1598;5019
5240;7961
6623;1984
1863;903
9478;1685
5171;9144
136;4703
1180;5070
8540;6818
7352;4709
4090;3136
8153;213
6999;6023
6584;9746
6127;3191
1058;428
1876;8507
1051;2609
9410;9551
6859;6633
7023;2784
8495;6438
6842;9285
6225;7921
185;1471
644;3772
7923;3930
3231;687
6927;9581
9364;9281
7343;5723
4461;1847
1797;3233
524;8156
6920;6148
4747;4913
9562;8196
4031;197
4976;7445
9260;228
1874;168
1039;2146
9759;275
4189;3150
7224;1222
1783;3285
6009;3167
732;6462
4523;9319
29;1863
6273;1950
9622;5812
3170;305
2608;2367
1061;9802
5918;9460
4958;4316
5024;6195
4466;1105
6291;6129
5665;987
6593;757
4318;4743
3519;7250
6690;398
1110;4554
8503;5042
5435;2374
9572;9153
1503;8260
1536;982
8039;9067
8762;3529
9459;4364
7981;6863
5010;1054
482;4078
3508;395
1840;93
8343;912
8027;8628
1515;3274
3495;4244
7330;6094
6380;3075
6089;4844
8308;8062
5628;9590
1454;1888
3857;1094
3492;3572
8620;8982
1855;2744
2100;134
2338;8969
5810;226
3482;2202
8716;6461
7412;4426
5481;4901
9843;1829
3992;1536
6817;1521
1323;2258
3412;6697
5158;3234
121;9410
3279;9830
5911;666
7206;9195
3066;3438
7330;8901
7834;5355
5937;1609
2630;4338
1432;3629
87;2239
1732;3490
6585;8687
7354;5097
3095;9750
5003;8964
4106;3777
624;4097
1215;9839
6822;2615
6578;2574
3320;8931
2812;876
681;5434
168;6927
6930;7004
8862;6322
3881;7392
4276;9682
5008;1531
5412;1084
9511;9205
2478;8872
7852;7103
7762;9964
2508;8300
5039;9659
3927;444
6721;5116
5753;6542
4618;2163
5270;5117
9787;1928
4711;9747
9255;5869
6593;1485
2590;5242
1555;1538
9251;3766
311;5706
8476;324
2283;6555
7026;1878
2233;4063
6555;5499
2786;593
1581;2358
5127;1404
1088;5872
2343;7674
1640;804
9895;4990
7544;32
5534;6618
4094;970
6588;7539
3201;4173
6034;2132
6837;2516
9974;5754
2618;533
8266;7968
7594;9989
6895;3124
849;9570
5398;2194
2860;3678
5150;8285
9748;7787
4653;7095
3522;5508
6097;2733
5197;5621
3406;8768
6297;5656
5747;4181
5642;2315
2059;3936
2567;8024
1530;4340
4755;7172
2151;4021
8713;5265
4498;2422
3599;9124
695;9022
4569;6494
9166;8150
132;9020
4212;6229
9067;3377
5728;559
6409;1548
8435;1317
4707;2739
1879;1394
6331;6199
2175;1855
4924;6373
3953;4370
9291;9205
6299;5778
976;1199
9624;4108
7577;845
1325;9847
7448;5451
6884;1009
7868;5044
9594;5650
7958;9042
6526;886
9692;678
496;3171
5196;8786
7860;616
6183;6497
9731;4480
1872;1625
9891;3611
5001;4080
6086;2564
1687;1539
2681;1411
9754;5737
1691;2860
1926;8299
6124;158
4785;6774
4242;7513
1772;8717
5863;3268
8667;4030
2165;4901
2949;3578
8565;4079
4265;5106
6199;9470
1786;5890
1303;4757
5708;5194
3360;9423
4315;8649
2238;264
5132;927
1793;2281
8492;2751
2364;8665
4537;3158
7456;885
154;8239
512;1573
614;3081
6132;4850
1810;4536
6363;1003
2896;8621
6743;5030
5857;7833
8679;1453
8077;487
4433;1025
6343;6292
8488;8473
5860;9817
4412;4264
5862;6239
9448;7525
4174;1828
22;1716
6686;4993
115;9426
4127;2376
1012;7757
7742;8512
5344;1150
7527;6845
499;4234
1524;4514
6546;3291
2344;3289
1575;1273
7563;4226
3032;7970
3946;4220
7068;3858
1521;8453
9165;3476
2474;3976
8398;1728
1552;6094
4551;4429
9197;1074
2030;2630
5998;5805
6997;8756
7206;7456
4494;1467
9039;3944
455;5268
4297;9060
9438;376
3399;4486
2690;8128
8393;4612
2709;7281
1694;9049
9881;6996
8357;2059
3921;2955
548;7715
7909;4146
5544;4566
5498;9136
4052;3800
2522;2338
3957;474
2667;2728
5692;8236
3144;9736
9340;4151
367;3637
327;1738
7515;664
70;7133
5571;6265
336;5405
6927;3482
5203;1486
5977;7220
2518;2937
4246;9384
7513;9788
8554;4267
4865;117
9475;8390
1892;8652
3921;4063
4797;9732
68;1334
1944;5213
5033;8721
2959;2591
5732;9133
146;8469
1151;3730
9194;7808
9932;3125
9401;9916
569;2282
9787;8009
2838;2765
6364;375
8082;3539
7567;7634
2931;9474
9370;2433
5667;4878
9004;4995
7003;7919
6323;407
7350;657
4860;1250
765;8519
403;2246
1748;2542
3529;1961
4804;7476
3934;286
8243;8923
8652;9405
3108;3095
3268;280
5285;3476
5109;6290
3885;9714
41;596
1788;5394
9996;4050
4902;3000
6640;6022
5097;6334
7681;1382
8079;2932
6254;3073
1507;1620
545;1180
553;3231
333;6227
7810;5735
9514;6545
1945;8551
8829;6992
4837;4647
968;9024
54;3198
1065;231
6488;5
9149;4741
9711;7690
7575;4652
211;2744
5654;6596
2009;1917
5774;6870
7417;6141
121;3179
3641;6223
4813;972
4804;857
8708;7585
8579;4173
7458;7988
64;7005
9470;1766
6807;3307
9363;2178
7950;788
6231;4611
7343;2668
8566;3562
5190;5740
5049;4402
5282;8391
580;8597
5208;1108
9894;8817
5067;1140
6921;3417
6137;2423
6612;8136
4742;1696
7420;6554
8107;1787
6802;9827
8390;3459
9187;548
8270;7928
5695;5164
6489;3181
7552;4366
4550;8553
637;1047
6427;3701
6870;1041
1589;34
9285;2685
7877;4975
1504;7442
4875;1984
9104;5315
283;2199
9865;5598
1505;6743
2282;5604
2164;2294
6851;7480
8593;6320
2655;5916
4479;2569
2533;7662
2773;1836
3744;7093
2768;7826
7444;771
6781;3000
9510;7931
5298;4714
7324;3144
1601;7653
1925;1996
6946;4605
2670;600
5139;3934
1961;4954
1038;8801
938;6750
911;93
3101;8088
3879;2345
1762;8749
2716;9494
8968;6145
9187;5224
8024;9913
3773;852
9183;194
2177;2268
8141;1107
1298;6234
42;8650
5503;5526
7415;5324
9997;1875
9124;2141
1796;5396
8795;2371
456;9335
5424;360
19;9321
5909;3065
894;7046
9113;1584
5367;9322
3707;4862
3267;4782
7540;8026
4947;2169
4582;3341
7196;6098
6553;2664
3942;8465
308;6430
7690;6262
8761;5732
9515;9448
2647;822
5146;5748
2834;1529
2153;2790
7986;2468
8608;1789
436;8706
6700;1185
3846;5576
5746;3067
9897;9704
7786;14
7618;7025
5543;5057
8227;7497
6889;2877
381;5609
2172;6066
5577;313
764;6284
1148;8023
1019;6521
8728;7493
3443;7283
9392;6009
355;6518
2747;2148
6556;333
6209;1572
4606;9202
2370;8793
5184;2190
6964;9684
7723;9997
7244;6596
8984;6112
774;388
7612;4222
7618;1436
791;9160
4680;4711
5106;8154
9583;2412
7456;8896
2856;1314
3455;1056
1462;976
111;8253
3710;3277
6811;8214
5465;3352
3612;9876
235;6941
8685;7527
1188;9408
7383;3724
1440;7228
3853;4694
74;3643
2376;4212
5240;6331
9681;4512
2441;6450
1383;5698
5638;5219
5359;8360
1156;6323
2431;7580
9554;9841
4;381
8584;6173
7470;2824
1163;6463
3125;7404
5894;9414
1103;6180
4071;3049
3416;165
6334;3984
6560;900
4210;6084
4351;5841
6571;4964
8664;5231
8780;4782
7570;4448
2699;8961
6002;2481
9096;7067
7524;4147
21;5924
7039;940
7701;4248
3353;2982
8195;6538
7381;2457
2583;3817
6482;7110
5865;5890
7941;944
3852;2260
4902;8036
1354;6542
6218;4614
739;2315
7626;3919
8545;6691
5409;8231
9252;1576
5278;2465
9530;1582
8603;4166
3347;1874
5309;5466
8143;8825
7763;3543
4973;1327
2808;7508
978;793
9729;1270
836;3499
381;3892
4981;9755
3976;1242
6226;556
3090;5315
3235;3921
9343;506
8773;9853
6902;9340
3025;5047
9459;3668
7479;5854
1661;1197
2789;774
9112;1350
4871;1810
2016;8954
7066;7368
6256;8964
2630;8096
2329;602
1026;1014
6908;4610
3555;6630
3993;3087
8696;8334
2657;7378
5203;3287
6174;5824
1480;9302
2995;9843
3058;2719
3432;3750
6072;8200
7225;1046
3593;2499
6203;7430
3366;799
3142;8749
56;5997
2627;278
2467;8417
2238;2249
6349;5913
2680;5417
6398;2018
3644;9546
6844;2868
8104;7225
8612;2028
1539;5147
2488;5971
4110;5100
1904;2017
3256;7309
6050;4790
1313;9490
3828;6921
7807;5987
1860;4615
8899;2720
5224;8963
7050;5301
7892;9449
2487;9662
944;6937
4241;6791
545;9637
2664;5780
4400;7028
7172;2267
4967;3530
2672;2598
8;5818
5651;7522
6287;5130
6220;3114
156;8651
5524;718
9585;2094
8909;2224
5781;9020
3977;1720
8975;1041
9223;9670
2162;7140
3356;1175
8638;9555
7591;5565
4029;8368
3204;619
1157;6817
4476;1033
6593;4637
2774;7407
1013;7257
976;8998
1595;4568
8709;745
3591;4165
7911;2665
9974;425
5158;7632
2539;2654
1871;1734
5264;2570
6009;9977
844;3906
9216;8878
4313;4594
1501;6703
3473;5096
1473;1530
4423;4777
3927;7103
1921;1932
8146;6526
8528;2049
9653;4266
3532;3205
5379;7619
2495;7112
7179;9834
937;9267
1481;8433
1156;1883
3486;3898
9456;8864
2760;5874
2178;2935
3362;6310
2830;1222
5664;1541
9358;7087
8972;8215
115;2804
3696;1194
9465;9810
9365;5071
9109;664
84;4785
9207;9624
2172;4967
4150;6790
9677;2123
1451;4126
2197;8513
8642;375
6045;1696
2270;5847
4145;9100
5161;7409
2269;2686
2939;8565
9215;4814
8487;9518
6379;2732
3476;7271
7762;5798
9425;6463
4941;6460
6821;7427
2784;3343
9755;9205
739;2335
5273;1697
1440;9506
1163;2963
3061;7867
3261;4803
4336;8539
3520;2165
1541;5709
3078;9684
4795;3920
335;1719
7049;5694
2659;602
2854;7272
1762;1511
5588;333
7012;1380
1196;7963
7983;3540
3702;3841
7407;9425
2761;4675
8350;3616
6339;7196
4921;8698
2245;2731
4108;2025
676;4298
7435;7300
6230;3462
5069;81
1857;6757
1698;7843
9164;4420
3088;1971
9139;7341
4544;1255
4907;1708
7679;3816
3413;4637
9880;7198
6100;8227
1638;4364
9579;3959
528;6755
6042;4122
7017;4209
9755;2032
6542;5553
343;8227
4301;2985
5787;5512
4087;7985
8043;1783
139;6408
2047;5857
1482;5692
4456;8230
1486;7617
1993;5609
1527;5982
437;5360
6498;9699
4461;3611
1686;8326
5322;8612
5042;8841
8176;9212
6253;9624
3249;6809
4163;9987
5447;7977
7090;1382
5103;4120
6368;9452
8533;3973
2043;4471
794;4538
1075;1378
4652;6138
2631;9642
9114;7660
2071;7462
8108;8793
5121;4447
4881;7062
6349;1863
515;8829
1580;9735
5611;5056
2152;5708
2596;4607
12;1390
2435;122
6602;8103
3524;4112
5174;5475
2493;5790
5738;3070
6300;2399
4188;7438
2530;2288
2335;4319
127;874
3527;8558
5919;4713
9351;2277
3260;3440
6504;5278
7839;4039
9342;275
2322;7058
2838;9606
5836;9737
2718;9324
6540;6754
4422;1239
5492;5310
166;3374
7901;7616
3882;4567
3426;504
7117;9490
685;8814
5027;6243
2357;6529
588;9845
6362;7191
6799;1457
5460;3027
1263;4951
2335;455
4825;9599
9726;8123
6161;39
5483;2521
7159;2464
574;5313
9737;9003
4011;6027
3338;660
2421;3500
3779;2824
3560;9579
8327;6400
2454;8957
8944;1882
6060;9760
5483;3320
7315;509
3285;4079
2313;429
5112;6504
4938;1720
5625;3182
1763;4370
7744;8370
6259;6379
4122;4295
5451;4815
3708;8592
4027;6073
2892;5886
612;6881
3127;8704
8435;1131
2018;273
7906;1473
2919;4570
1815;8731
8817;6985
4747;6675
9912;2373
7108;4468
711;5923
723;4176
1680;6287
7336;6150
2547;9708
3559;775
9188;8499
5812;1141
3721;7170
6625;7495
7863;4746
9312;1009
2966;2350
1454;1348
6178;1029
8927;9794
1144;5959
1235;7295
3368;9665
5831;4668
4897;8699
3787;435
356;5350
1689;283
6508;8355
4959;958
514;4387
5929;598
7834;5075
5955;6915
9348;2752
4606;4469
8644;1758
545;2325
4708;1150
8089;3793
2227;8955
655;681
1630;7743
7287;5496
3616;6205
1294;6370
8410;1694
654;1154
8289;4211
8308;9061
3007;3212
6688;536
1678;4784
4938;8602
1385;8236
9154;7853
2360;7948
5644;450
1885;8452
4768;2017
4272;8146
8191;4190
2241;9783
5547;4673
5796;3939
7455;174
8329;5027
570;2326
6073;8119
6947;1816
6262;8806
4373;1321
1403;7664
6507;3587
1918;5491
1699;6987
7062;5421
7162;7253
4525;3260
827;722
2412;7956
6622;1382
3378;9964
227;1314
9642;6477
1382;1674
9311;8957
5736;9287
8989;237
3918;2139
5013;5555
8011;5550
5800;4340
5946;9680
797;7292
2463;8161
7284;6365
1220;7096
4919;3635
6417;3469
9297;8709
3852;2066
47;3319
712;442
6024;6081
625;2143
9992;9970
5468;9463
7902;48
8281;8298
3285;9179
2259;9380
5637;5053
9245;2051
2722;2693
7399;9106
669;2815
1793;3733
2459;7880
3587;2553
4927;4528
3099;1917
6775;3141
9627;8191
5246;2779
6181;6553
7094;2428
443;7020
273;7581
4181;847
6370;4532
2140;5245
229;3454
7993;9431
2438;5309
9304;445
2380;6964
5685;2853
4435;3500
4297;2519
7551;6620
4714;927
8888;3323
757;3207
5561;9565
396;9989
4565;9482
6037;460
9909;1955
6617;1598
7714;2773
9799;6476
4566;2458
7250;2706
1756;6950
8510;651
8238;767
9273;9854
8069;9999
8041;1276
3936;5563
1046;2431
6937;5505
9119;2236
4214;8823
1732;2520
285;2267
2838;3517
4917;5902
337;1385
287;2814
5976;6814
2804;3287
5356;5138
463;4012
8323;6
4890;8459
8474;4613
8345;5399
6770;6817
9850;8752
8332;6995
1348;3429
3359;432
4358;8644
2815;9248
9903;2284
7051;2360
9691;7379
836;5867
4497;4416
1407;338
6464;1349
7108;6003
5691;6487
2933;1567
7835;8134
5867;7503
8732;8869
7305;54
4049;1622
2025;7887
6855;9366
3199;9375
3653;130
742;4827
9884;4329
5961;4616
9248;1924
8868;1142
7219;2818
5831;9816
8125;5067
4262;1868
6829;1983
7963;9664
630;1001
1437;3422
4336;4327
3952;6775
1624;3778
4530;7422
8805;10
7103;8306
2871;9354
1060;4180
4330;9865
6174;8220
6729;1869
2448;3429
9026;7284
4807;3971
3968;6306
9793;2295
5527;9644
6375;8916
1091;9470
5861;3089
9585;2429
6492;4228
4996;3676
6777;5919
5879;1721
7875;6610
5329;81
9384;3698
2637;3219
4827;590
7396;1055
2764;9554
9164;8451
7032;6694
963;3523
4876;9211
2882;1340
4913;9286
2813;7677
7804;3354
4991;797
1260;348
3399;7985
7587;7535
6332;7493
6374;8018
461;5899
7098;9651
7584;5485
6443;1150
4936;6183
2969;7539
365;1854
7367;3692
7036;1277
14;1714
8361;18
8784;5178
2826;607
9149;807
74;4889
5497;6118
4166;4251
7269;9729
7293;535
6050;9572
7365;2884
66;3101
5896;3510
658;2701
8396;8418
1270;9004
8065;7522
3243;4584
5026;2230
4272;560
7543;7594
4777;9092
8717;424
4627;5412
2014;4385
7679;4099
1633;8012
4399;5623
9210;1846
3480;833
6632;6444
1824;3044
5863;3857
8486;9638
567;1404
2286;7679
1077;8019
4668;961
3763;268
9054;9101
8245;7270
5506;2827
1020;1156
4779;3443
2100;2476
9007;8605
1991;7989
7221;1010
8;1675
2628;1357
1284;8453
5180;2058
9094;4120
7335;3546
1144;4297
3106;761
3320;9812
515;3408
2073;5879
5376;9927
7097;7657
9979;1762
9217;5362
3695;1479
4552;7934
3764;5557
4899;5487
3621;265
6032;7225
2990;6944
133;3333
8671;1213
5961;6478
7464;9158
472;968
2990;2386
8651;5365
6290;2997
4047;7428
6072;8964
1153;8594
8181;203
2146;8914
5487;5708
4774;2350
8732;2507
5181;6633
6112;7925
9338;1519
4347;7656
9403;4199
6829;3491
6812;863
5077;6190
2206;8997
8169;960
3380;5811
1071;5266
6380;4443
6885;1300
1584;1026
9884;8321
6159;2531
5927;3303
6624;7423
4358;1854
425;8595
784;5191
3416;780
3309;3129
900;2707
5696;7483
3523;7639
9744;5077
5704;4602
5683;4629
3538;6620
3829;7184
1107;1565
2888;5481
9049;5857
350;3672
6839;1189
8204;5126
761;9677
2870;2742
2811;3409
1657;3110
1895;223
9340;3174
7587;8740
7530;5616
8453;2156
6353;7084
1472;2119
2702;1616
6463;1120
1804;109
9559;4277
9170;5544
2792;9122
8153;2822
2590;5051
4245;1521
8643;2501
1044;9665
5979;5543
4384;6690
7321;638
477;4181
9858;8552
1154;3674
386;6085
4287;1843
5479;9185
274;4719
8782;9260
6144;4262
5852;64
7249;2543
8053;3395
2797;1075
935;8041
5538;5450
9242;7874
7797;8280
264;1838
5760;6724
9570;651
1417;4333
8343;2524
6891;864
9512;2891
9010;7777
669;1245
2952;1684
5356;1515
2510;2701
731;1116
1144;9828
8851;7795
2324;814
835;2695
9918;9726
8052;2686
9326;1429
2114;4952
7955;8550
5956;2036
9189;3136
1568;6145
7530;2181
6034;7350
3776;3466
6484;1516
8237;5760
6253;280
6821;5320
9100;7224
9558;8828
5712;1477
3622;1466
6844;2432
3236;7619
461;7010
6977;889
6018;3949
8953;9538
7628;7972
4083;3272
9273;361
9266;7351
9456;1476
1638;417
9721;5045
2292;3150
1331;3677
8852;5876
7042;9995
3115;4605
425;7999
613;6596
3432;4867
7388;8566
4047;4227
5528;2856
9755;8156
3111;9539
9299;6625
6052;5290
4734;9926
9064;3079
8143;1751
464;288
2543;7996
857;6641
4486;9129
8874;7557
6656;2012
8094;2926
2369;435
8027;6138
286;2297
8618;3262
6885;5378
2108;7660
6292;2922
8302;1061
1899;4924
9273;8129
1879;876
7389;7886
1197;5035
6154;2038
5963;5788
6829;7169
2152;6587
5034;5081
9540;7085
614;3124
3514;9625
950;4269
1915;8009
2566;4888
1415;2627
8422;6732
8147;8421
8575;8432
211;9941
59;999
5553;779
7746;1277
7240;3044
1746;7038
9627;6231
8443;7561
3114;3813
1665;3856
2227;220
7702;3492
1638;449
2843;5939
7375;9522
4991;5725
5963;9224
1490;2329
2539;5123
3792;7705
66;7731
5822;4613
5715;7870
6981;1508
7170;7773
2618;2637
1205;6277
4487;5235
9194;8577
1224;9201
9399;8434
4200;8481
3850;3494
7236;7564
8446;2409
9615;921
8466;5837
593;8008
8146;2069
171;1564
2160;2033
5291;2280
8922;7727
2784;8702
450;2750
466;7184
1222;3539
5527;3098
8912;5160
5056;1126
3205;6054
6956;9446
4977;2011
774;9879
7055;837
7042;3657
9484;5651
619;388
6790;6577
8192;5988
2069;7700
2654;3874
2893;8600
7336;2576
7016;7506
1272;2043
1646;6188
2557;400
8652;5058
681;2690
9494;633
236;3213
7896;6530
7830;3476
5305;3430
1194;8492
4066;3107
4511;5175
5868;6526
6805;7932
8536;6260
853;8183
2492;9044
8556;6534
9358;5139
4939;8565
9044;7380
7034;7819
8435;4244
5784;2446
4291;8117
8809;5208
5365;2039
9369;21
3886;5630
2199;2116
4535;3671
5;2982
9854;8836
5390;5781
4590;3468
1700;1645
7940;3971
2881;2390
1860;5358
6805;572
5645;2834
8741;3515
1859;1901
1627;3972
6331;8387
7650;6425
5449;5078
1260;4668
7226;2149
7195;3290
8775;4506
8351;2936
1687;279
7412;6836
8576;1251
3028;3973
8580;7776
6033;2468
6960;7886
3713;5319
4109;2697
427;9422
2262;7980
1060;7996
3975;4822
9705;5970
5078;662
9729;7667
6181;5669
2977;6228
1070;8439
5227;4593
7367;9271
2213;8590
4660;8918
5551;3692
8011;5641
715;8351
196;3614
9850;8472
4340;1333
656;9530
9708;9489
8834;5143
