1;4000
5472;9100
4782;5016
1577;9823
7516;7098
6241;2840
9233;1356
283;9041
2686;19
2930;1695
1823;3562
8884;1476
8677;917
1637;4324
4940;8383
6832;457
6612;8448
670;3706
6437;2000
2180;6552
2854;9997
4989;7696
6116;3564
3687;5855
1904;4707
2310;5530
287;3342
7570;7997
3183;199
7473;3440
6638;9283
6758;8276
5161;8059
4168;5031
4127;8294
3003;834
2826;5586
5634;4604
5135;990
4681;2279
6954;3886
8421;4073
9603;1248
5666;7690
6160;4815
5817;6641
3372;4309
3096;3390
5219;1824
58;2912
5468;9753
4409;3427
5618;2256
4889;7587
1544;8119
6479;9160
6817;1112
2620;7424
3210;2455
2218;3872
9210;8839
2243;3604
5487;8610
2497;6820
2245;8182
7730;4198
7093;521
3718;3645
3692;7623
8106;4866
803;9322
3916;2539
8527;1467
3409;8477
3609;7535
2721;8102
8414;9094
3119;6801
8893;2151
3041;7286
5258;8435
6184;9944
5356;2876
4816;4361
4815;1191
4217;1683
9916;4340
3696;4289
8817;9855
1987;1371
4315;3562
9989;6447
6604;9057
1793;5575
7648;6441
5740;3098
9741;6287
834;5109
9552;9586
286;9524
5581;9518
3156;5625
1269;6258
7132;5248
8267;1793
307;2434
4328;7715
7521;8239
8142;5285
7272;2711
9051;3760
8523;6531
3038;9888
2813;749
7627;8768
6015;4164
7436;3885
5799;4442
8970;1983
5395;856
7963;6701
1637;3630
5094;3381
5378;7335
6193;6321
5405;3507
1226;8889
2735;721
2258;6376
783;8724
4390;1234
8325;6902
5209;456
6387;6375
7681;5225
7253;9286
8636;3691
3609;8508
9963;8762
8542;5874
2502;4121
2564;7349
3211;3337
2131;9042
4672;8912
5241;8885
2228;346
3581;4964
8129;2952
7468;2973
3964;1976
9320;2084
2323;9862
3784;647
6161;7973
7795;543
9666;7959
1824;1783
7547;2072
4368;6991
618;6228
5322;8777
4316;4376
318;1686
3357;7811
7318;4419
112;8486
8795;7298
6510;1087
7701;4608
9244;4651
3080;1331
5916;854
1650;9083
5366;2745
5000;6578
8895;4664
8110;5835
335;1351
3858;6526
2009;1855
9882;7351
490;1742
8712;5118
787;5309
9441;9375
67;8053
9375;2792
2385;8475
7072;5330
3976;7424
3975;3206
4668;2710
444;2080
4678;6410
3428;7573
7681;2459
7199;5182
373;2448
5679;6008
5993;8325
4676;4305
4242;1666
5061;7802
2887;565
3371;1979
6953;6819
4623;5057
9867;8046
3223;1320
7169;1660
1778;6557
7475;212
4335;926
7284;503
124;1338
5875;2085
6232;7579
4107;4302
2791;3824
6194;4855
2259;9931
6725;7012
5158;4977
6089;7087
8213;8842
6272;8525
7306;6360
5525;4089
6818;2520
4829;2978
9042;6527
1229;5476
2143;7142
3181;3712
2857;1660
807;3478
561;6111
9662;8685
2663;4862
9995;7018
7354;3613
4806;2604
8669;1022
9021;9111
567;641
9038;4596
1234;6669
6557;7618
6208;4157
3135;2680
9064;6718
2237;1887
1396;2535
3665;8846
9595;2540
1214;339
4566;2976
8157;1020
1909;8257
6734;6518
4322;9036
7205;712
5054;4672
9214;3652
1045;8946
3249;7633
7096;2766
2774;270
7860;7882
8251;5063
2767;1159
2740;1906
59;9848
4991;2276
68;4457
46;6426
4580;7338
9218;2787
8654;1895
1059;3032
3654;9444
2379;9739
5382;8199
3768;7468
9207;1571
7143;2189
4854;1069
3835;8469
7133;2416
467;8610
5309;2203
6467;3001
3021;6391
1406;6372
2725;1275
2607;317
3466;2142
3415;8516
8473;4790
401;7388
9530;328
3358;1590
8377;4208
5429;718
1491;6335
1951;844
3534;277
5668;2122
6447;6073
2870;1581
5745;2972
9677;8462
2905;5532
249;7933
2904;8955
8963;7920
8944;7262
6791;2874
2204;986
8019;7819
3043;9427
7225;5744
1505;6172
8005;1545
9205;5616
4324;6075
1720;2494
2546;4604
445;6063
7235;5012
5567;5514
6629;2355
7264;3434
4311;8123
542;9672
2072;4458
213;8873
5204;5867
6461;1097
5540;3574
8128;6431
9435;535
430;1340
7594;8362
6161;6577
1153;935
4578;3947
3733;3299
194;1934
2339;8615
4429;8276
921;380
6744;918
9150;1917
8239;7492
5572;222
9957;7428
8654;6646
173;129
1459;2621
9791;7266
5671;4644
2650;7154
8542;9090
8000;4448
1944;4058
5733;8935
6170;2433
1009;3061
2378;7601
3891;9036
6657;880
1280;2837
5562;7572
3006;4237
7686;6824
1292;9113
8308;8945
2954;2718
4535;2712
6699;334
6427;4317
3640;4799
5592;9106
7810;8756
6477;6979
4806;3154
7138;2480
962;2535
5703;933
2495;1931
5875;2767
3893;9843
9898;9117
7500;6664
176;3213
1734;8191
1408;3641
3653;9411
3530;7571
2695;4609
2016;4319
6325;6033
6170;2165
5072;4864
7922;4290
3955;5007
3337;2884
9657;2368
6552;4007
7993;9714
1189;9624
4161;9935
7418;7392
9085;8600
3798;3225
8755;75
1763;6450
9865;125
7241;2454
4323;1957
8205;3117
7194;1918
9239;1045
7533;5733
4121;9638
9214;6054
5334;7366
9329;7369
4984;1276
5052;4858
5078;1731
5936;9654
6394;7617
7534;4161
4201;8905
3994;7555
6016;1280
1758;3417
1255;5839
3916;8569
5158;5315
4881;4588
9685;7175
8060;1255
2214;3069
4968;4227
8826;3555
2844;7592
2706;6832
9254;5660
9789;284
6371;7334
3134;4022
4677;685
4720;6373
5699;5034
8383;2222
6022;2701
399;6515
334;2889
4892;6846
9537;5688
9667;1014
1053;5072
4331;7731
2377;5938
6654;1230
5672;1725
4992;3434
708;5969
4278;558
5838;3263
645;4532
1842;2518
4999;3492
1465;8168
9061;9709
8253;3038
8301;7811
1910;9918
4949;923
3805;7617
884;7421
5481;1238
4514;6436
5075;5717
8031;5899
1398;6317
1383;3006
3096;9661
7143;3273
790;4168
6112;1017
3386;9283
6896;1080
5841;8787
4001;8847
4608;4638
8027;3242
8679;4281
8454;5258
8720;6210
4193;2792
4118;5625
9591;1100
7952;4516
3904;6999
2844;8213
369;4114
6483;3516
6997;5923
4161;1871
4901;3124
7148;4766
1623;1946
9879;7488
6233;414
6042;1702
235;309
3465;6937
3283;3565
365;5982
5543;3204
1047;9448
9185;556
7358;306
9918;2456
3377;88
5749;4414
4691;4605
4224;8326
351;8533
1277;6186
5146;5047
4542;4492
2188;8769
1448;7552
946;7743
7784;1731
3881;2911
5520;6843
5589;1580
9649;5345
1997;4787
2545;4761
3533;7103
920;3876
5460;1460
4856;8596
581;843
559;9143
4380;3348
8524;6218
328;7017
6592;143
3574;6106
3036;3642
4511;1012
8254;5850
9836;9938
4900;2458
7613;1566
5368;4461
4593;4502
2419;5892
8588;1058
3441;9117
6030;63
1350;4824
5038;5821
5444;2647
7282;8074
3681;7522
7707;902
3768;6367
9820;6835
4251;9389
5636;6165
8314;480
3596;403
2436;1518
4845;3171
9208;6108
8080;1412
8637;9346
5865;4733
5111;1502
771;968
7779;5178
8008;1564
604;7466
2299;1289
4571;892
693;2945
8617;9535
9700;9240
7733;9602
4707;805
6388;6947
1985;1444
2927;7571
8728;9145
5926;941
4596;4122
6618;159
8983;3212
2449;7432
1847;3328
5587;8107
2376;5337
6780;1594
8954;3746
9330;2926
5956;6858
176;4388
7768;6713
5057;2704
8049;8029
2564;3585
2786;623
7535;2102
8934;341
7664;4311
6571;9392
8488;2831
1401;8169
970;6657
6160;7135
2780;3408
4039;9146
9078;399
4573;9723
1121;9474
2616;5194
1317;9358
4021;6389
1508;8454
7392;8617
7187;444
9921;7034
4138;4872
6724;171
5546;4926
7301;3417
7005;5084
9817;8528
4062;1957
3728;4873
1933;2731
3960;3046
9868;6903
5321;1732
3241;8704
4107;4255
4932;9514
4990;2112
3793;1903
5163;8989
2084;9467
4475;229
5639;9579
9806;9549
212;9335
4297;6906
4992;8556
7215;8847
9567;7501
8218;5441
3752;1111
548;5911
689;6082
1327;8492
2309;1812
3516;8693
2903;1378
3325;4150
858;4092
8923;3570
875;6894
1138;1857
8943;7862
4497;3477
205;1482
7448;1344
5463;1933
3891;9061
5525;7633
4240;240
3860;7560
3179;9786
7086;7452
2969;8528
9724;1872
5728;4404
4314;6375
5461;500
539;2496
764;2693
7294;7147
2125;7387
9785;7155
3517;2888
9685;9112
6603;6323
145;4534
7268;1717
9015;349
8438;3800
3022;5196
172;6451
2855;2691
7882;4293
4105;3844
2192;885
1837;2179
9425;7205
7209;6715
6;9668
2991;9971
3163;7804
1107;396
234;7887
9384;1255
5600;315
6594;849
3836;5333
4541;2214
3981;3829
3503;3937
7039;7343
2606;7561
768;4191
9891;1239
6629;6652
7743;3702
7349;7540
8140;7442
9986;3161
8737;5055
8598;3656
5183;8100
2681;1028
7280;3571
2361;9780
6590;9048
9018;5009
917;3993
500;8073
6742;1262
3345;455
4120;9886
575;2381
9807;7453
2508;3877
3481;7991
9776;2463
8765;9185
2287;3506
5497;930
5198;6346
2187;5802
3165;1745
7906;805
7073;3983
1015;8960
3291;3934
8079;8729
4047;7865
50;9047
8979;355
4423;7837
2115;8753
1390;2279
5598;862
9281;9796
1307;7201
9535;9777
4207;4083
4302;7376
6730;4031
393;2382
1782;5582
1757;8106
3073;5414
8904;7536
5392;1909
7786;6558
4163;745
2522;6983
3170;9952
6042;5298
1689;3943
265;6606
7432;3494
2706;7051
9682;1375
9575;2172
7799;1402
6370;3099
3866;2037
5708;7277
4673;4355
8741;5477
7467;8182
870;2293
5911;9528
4653;2982
7595;7038
2854;5584
2058;5142
2364;3551
8793;6796
5370;800
7988;9301
7616;8041
2852;2520
4820;6527
1300;20
7429;2947
6502;151
734;7086
327;5871
2108;2102
1080;9269
9594;5767
7104;9147
6442;9896
761;7770
4276;4293
3151;5971
3570;1054
8477;4128
3830;4795
8422;256
7485;4507
1109;5408
837;3095
6265;928
2667;1409
8058;1683
6052;4581
9754;4341
1805;9817
9798;37
2575;6461
7242;6273
5090;1092
5514;3803
4273;2697
7479;442
7069;5559
1419;5197
5666;390
7158;2947
9511;7447
3860;2036
3031;8920
6232;4532
1286;1672
3815;1678
8919;5626
8859;5121
8715;7484
1869;7855
4837;4308
320;7504
2385;6524
5290;8576
9308;5351
2770;9607
8887;5338
1293;5747
1036;8753
5169;7262
8467;4866
3099;9683
9415;3849
5242;1873
2066;1969
7885;4168
7085;2016
3823;9914
3712;515
8236;237
1789;1154
4438;3660
6763;2076
1193;9336
7238;3228
3470;5065
4954;8761
1500;9025
5217;8663
8762;7206
1744;3244
8155;6889
3659;3878
7014;209
3924;3500
5861;829
7912;744
2819;1061
7976;2318
5482;6380
4931;9271
4686;9230
149;4097
108;4234
2612;7297
5920;2510
3735;3999
5823;3633
8998;3469
687;9995
9520;6969
8788;9780
8594;2316
8129;1601
7883;6674
2727;5952
5502;2696
9881;6058
3526;6904
3436;3467
5607;3406
8838;1766
6306;463
9392;5173
2550;2239
9520;7458
4147;3099
91;618
4706;7292
2894;2050
6513;2501
6197;3576
2888;1803
1005;5623
9411;4923
8104;5081
1018;6299
9255;5936
5407;4442
2032;7642
4485;4365
6697;7376
4625;2419
5230;8797
3407;803
7190;1781
5213;7190
4414;4669
542;3484
6757;3034
4252;6517
4018;6705
6060;2670
5018;9842
2573;7859
3386;7230
3905;4105
1028;3625
9474;3982
4479;2014
6986;4662
6386;914
5804;3958
4216;491
897;1827
959;2189
6397;2090
8052;6812
8429;823
9081;1558
5322;9800
3876;7377
9562;5653
6564;4193
9939;8023
7857;3036
4196;2846
1391;944
2227;142
6313;6590
7326;9217
3424;2040
8368;8001
231;8791
8896;7404
995;4287
56;6048
1511;8477
3066;5487
4722;8686
3514;1130
2563;5020
4097;9475
1399;7882
4695;7985
3338;3752
8604;9943
3324;5351
1638;2983
2410;7524
6393;6626
905;752
7462;1132
1190;69
4602;7231
8897;8340
9970;3907
2906;9336
2389;9288
9128;7883
6344;7932
411;1446
5878;6299
5061;9958
3906;7055
9459;8449
5598;1999
6041;77
412;2860
6515;5539
1139;9002
1588;8531
9877;1145
2736;5888
252;625
8570;5387
2384;4419
8190;3772
2120;7188
6633;2528
8871;2943
2942;9141
7026;561
9716;7174
4364;9366
4092;9314
7145;3263
4012;3782
5632;4481
378;5938
5683;902
5231;3749
1745;4162
8431;7909
4097;9226
508;4818
8510;9991
7300;3380
9618;9601
2817;4626
263;8648
340;6559
7802;9184
8227;5276
4985;7572
6060;7426
7336;4592
8877;8376
1233;6951
2043;5060
6831;346
6988;2439
7849;580
8534;7723
5825;5894
7799;7074
9936;611
798;5380
4714;7487
1750;864
7060;3751
1847;2796
858;3700
8778;2362
2177;8940
9645;3903
564;5898
82;6111
2245;9043
5381;579
9198;7425
4002;1605
1929;1513
4124;7804
4672;7576
886;6205
4073;9313
7726;747
1454;4624
9582;8438
4623;6535
218;7260
5872;5424
7154;3081
3003;3778
4476;7618
2546;9609
2262;1470
5430;5526
7624;8529
9284;6628
6418;630
8271;1891
6588;4245
912;531
3775;4198
8686;6920
7358;2931
3385;5100
412;7680
9163;6646
175;2065
6017;3723
6610;3073
5038;2519
5371;9173
2192;935
8067;404
6606;8411
7099;6676
1400;5046
4560;6214
9925;1839
4660;2146
7962;3750
7008;1526
2911;2575
3672;7758
4271;7153
6422;4352
5835;4312
1797;5216
8936;5121
718;4251
7807;7545
6258;4968
2645;8357
7866;9003
3364;4331
2867;971
7123;5135
6359;5922
5761;8097
8798;4810
5022;8096
6467;2856
6054;4153
3823;5461
1112;8025
8264;6405
9595;9078
7247;3480
7598;4011
4899;7404
4024;9648
256;908
8941;1925
2087;6201
5377;4457
5922;691
4020;5611
7299;2785
1390;3907
1573;1889
5988;7713
4625;9280
3620;6731
769;9474
2679;9552
3789;4865
2474;3696
4599;2
2911;1962
4294;5647
1753;1681
4540;6952
6541;1508
8164;4534
1802;3760
1585;2008
8624;8990
7277;8633
2890;3481
8886;1097
520;9652
3746;4236
2890;3986
7629;6443
3313;7014
4335;1908
5891;5154
8364;8456
1385;4732
2396;6729
822;4410
2524;3714
6492;3405
3276;1230
1702;9386
1357;7859
5211;1750
1702;1058
3612;3080
1999;4667
5091;4041
2097;5910
991;4687
2909;5103
7367;8246
5318;773
7360;1768
3397;2636
6595;1765
7783;5013
8073;1906
4474;3611
43;4181
1473;9355
197;4537
746;3963
2212;8947
5773;3278
6124;6095
5580;6065
2315;8419
4644;7885
14;4155
4264;1997
5086;9142
5090;1769
8676;8726
2403;2023
7752;6817
5397;9926
983;1363
9257;9572
8543;2851
4135;8249
2418;5262
8261;6506
4560;6909
3379;8641
3871;1997
9451;4961
9386;2385
2144;2288
6267;3075
1018;4564
3264;4198
8493;1133
5137;6956
9725;6298
1216;834
1313;87
1741;4719
2404;6817
6932;5047
5219;5014
9821;26
3264;9492
2804;128
4577;4037
9617;1553
4244;979
8937;1168
5110;2196
3219;8554
8121;4603
6497;3210
4069;2001
7877;2716
6613;4344
3255;722
2450;4917
6356;1974
8201;5705
1659;5301
5225;1323
5947;4452
2891;2268
2307;1009
8073;8982
234;3184
3650;9217
8158;9276
1572;2562
215;4791
6738;7612
7338;7768
6350;9243
3882;7772
5665;5719
4892;137
5159;7957
5856;8575
5990;6167
6333;6076
338;2295
1189;6104
714;237
8345;3582
7673;9615
9925;7844
8457;3058
4475;7846
92;1406
1525;3247
9176;6011
6193;3686
7204;2425
756;2562
4639;5122
2140;932
9141;8668
9153;1758
3381;6735
944;4680
5682;6700
8641;6710
2365;4259
5433;4830
4137;9382
6434;2318
86;2272
8615;1823
1972;5548
2801;4712
8332;6769
4262;7984
2648;3656
5810;7216
2341;2855
7455;6392
5642;1963
9644;3230
1567;3657
2949;1692
4141;250
5591;1694
5791;6755
1696;9756
6383;652
7318;3301
3801;6917
8386;5615
9106;7624
4518;8127
4372;6426
5357;1567
4105;9577
1543;7825
1758;6793
723;9886
1356;7233
119;8073
442;8134
1075;7038
4689;6234
7742;9411
6355;5018
1601;8821
8491;4037
5862;7160
4304;56
8981;8339
6407;3653
4456;3566
3819;9029
4916;1233
5523;9241
2084;7836
8162;3855
615;5076
2004;1126
3046;2246
3715;2155
5134;2345
6663;258
5718;4960
9478;4740
2877;8889
1444;4660
8691;2747
8896;4785
8137;2307
280;2907
3805;9249
8753;4989
7020;7140
324;2162
7670;6959
2354;1512
9604;6312
2013;829
5800;3585
6714;5964
7681;706
8946;8340
5932;5959
5997;9257
5944;1317
1058;7133
9659;7155
5917;3588
6953;875
7057;4345
3958;4971
6333;1359
2755;4363
4612;3270
6724;2461
1769;2309
8489;342
9254;7123
2913;3660
2073;2655
5834;7495
5484;130
389;173
7959;2535
6657;3307
6048;3511
7084;6795
8642;526
9711;4290
7867;6368
3563;6828
1304;6549
5722;9676
5596;4043
7608;248
4610;6927
8739;2979
6280;8957
9911;397
1009;7900
4075;8358
1099;1497
2488;7358
5034;6385
5711;1174
2666;966
3901;8684
7344;9264
8498;4672
8859;9155
7905;635
6715;4986
3021;7197
6663;1564
4619;5593
4729;3793
3467;6850
2002;3805
5806;3823
367;5326
1360;3012
4031;3254
8392;234
4242;4933
498;6640
4868;8452
2795;9314
4703;2444
961;3753
8247;1330
5190;3893
529;9718
2529;9019
3060;9771
5301;5910
7436;5736
369;8861
267;563
3818;9840
8141;546
8339;5995
4160;5277
6047;1940
8188;1835
7761;9813
1442;4109
897;997
2277;425
2014;9523
4111;5227
6796;8723
8319;3479
9801;9466
4613;9654
8641;462
8940;6703
2440;8515
4258;4243
2394;9393
2668;9345
3032;7987
8354;7768
6409;9867
9516;8265
7850;4953
4057;7670
1102;8064
8207;9872
2814;398
9394;7508
1064;612
4753;1219
393;4105
4449;7649
6213;4356
4614;4044
4790;714
8188;4227
1101;2925
3172;8044
5759;3841
6890;3928
3957;8264
1748;2167
3906;7688
2668;4622
9585;7797
8874;5227
2830;8052
3058;4393
2706;387
9057;9609
5952;7151
5144;4002
859;6751
3772;4372
8377;9170
211;325
8451;2501
1881;6526
6659;5961
7380;791
6056;4470
9237;1782
1795;4788
7222;1389
1584;3489
9680;8556
3326;2551
8823;3246
2390;9278
2153;1523
4874;3386
6264;5345
9958;5620
1175;3501
3984;9073
3009;3409
1239;6470
386;6964
1612;4150
5170;7486
3245;6182
1399;8969
9109;153
7122;3287
22;9493
2676;5786
3068;5904
5454;4803
3573;9461
5667;6013
863;3242
9723;8252
2858;3980
7929;3481
2251;135
993;9880
7461;4078
5455;3726
4880;5567
1639;2674
5019;9632
8939;316
4051;3123
2377;9508
4037;676
1200;9830
9594;2687
5022;2774
6165;4962
5507;6776
5204;2168
1922;3033
4552;4952
7004;2229
8094;3653
5567;1714
7381;9877
1990;2489
9305;929
4343;5427
8174;1054
2262;6545
7536;7760
2896;1898
6987;1117
4254;3624
1848;8853
8102;86
9077;314
5200;4631
1076;7913
4104;9515
153;5553
1042;3760
319;9712
2404;6355
9819;345
3322;9056
7354;5582
5473;6301
7289;6322
4762;3242
4316;4239
4871;6778
6006;9481
5784;8570
2513;2370
7345;3526
6234;6827
6681;2008
713;1870
4875;9079
7251;1576
2668;9543
9759;3175
7165;3213
3229;7581
1541;889
8866;6578
7532;7862
9411;6148
6177;8388
1454;5957
5684;1578
7679;904
6583;6396
853;1822
3365;1045
3125;8880
8745;9947
8757;3103
1326;9703
5711;8474
9986;3971
1753;9583
8628;6017
3638;7466
3060;6868
3797;9399
7720;6428
7509;6726
3724;4724
4971;8515
1296;522
6905;7815
8996;4949
9390;1599
9396;8473
3449;5104
5835;642
7593;6189
7719;3269
6997;5605
2468;9460
1289;4598
648;2793
4017;2165
7097;3278
787;439
4936;9271
9790;8186
1195;7447
7981;9206
2554;6146
8517;4539
7135;912
236;4815
3658;4904
7940;1836
2376;1006
3017;6521
3168;6899
7572;3726
4921;9190
1623;3130
6916;7706
2153;9369
7288;6537
4880;3909
5869;4058
4409;5766
8706;245
6135;8119
9366;5885
3741;3096
7785;4973
9402;7580
880;8518
9932;8739
355;5285
1027;9185
2263;2568
3468;8133
9729;7989
9705;6770
4949;1550
6593;3135
9101;5667
211;4262
9104;9768
1682;1064
8313;5181
8695;4520
4189;5508
6042;61
9711;7440
9890;768
6921;7083
4743;8958
321;7228
9087;61
5092;1760
5572;2308
69;4369
4229;666
8253;117
2730;3732
8281;29
5971;7801
8700;857
8349;3268
3168;4435
6065;4624
8775;3632
3451;6866
1550;4811
6916;7905
2938;9911
2437;8702
8521;4808
7660;275
5589;4422
7723;9476
9300;9224
4620;3487
8121;2221
3603;6357
7983;304
6487;9584
1183;8918
962;2733
426;4404
7084;9401
615;4104
6923;8441
989;311
1057;311
8054;514
6047;3633
5362;3014
345;7628
9665;3969
2166;1942
4205;9195
1790;6579
8993;1628
2477;1121
4819;3264
8728;4269
2393;8608
7971;1803
592;5182
1917;3539
8036;5480
6821;7567
426;3908
7654;3142
1949;1719
9817;1950
2887;2718
3429;1146
7076;2604
9454;592
2297;5214
3975;977
3836;9652
6777;9164
6496;3301
3057;2023
3144;7081
2579;246
8504;914
8855;9208
5392;9383
2061;4817
6801;9799
3298;8441
1347;7505
4546;6536
1466;6126
8188;7379
3446;3715
2354;9447
5881;9231
3478;3389
8479;7666
5449;2311
6253;6261
5551;3141
5121;8706
935;5192
3649;9036
5849;749
2289;1973
9027;6490
5804;1894
2706;3852
6820;8319
9590;1071
8400;1817
1736;9578
1416;590
5837;2651
8060;4628
2631;4784
6364;1308
4312;6124
1776;3553
2711;7487
984;9304
2730;7963
5;8917
93;8925
3297;5318
9796;5394
3143;297
1813;8117
8872;9127
3607;7475
3630;4878
4766;3388
2357;3225
7712;3768
8383;8348
9808;7725
7634;608
6470;8755
8808;7075
1878;7418
5109;6689
3775;2665
8101;2897
1483;5868
7090;7890
1762;1881
8076;4279
5406;7001
4742;1948
8604;4579
241;153
6982;5186
2586;7478
6986;9781
8344;5208
8802;1077
9032;2825
7367;469
2126;7941
3183;5293
3906;6745
2629;3931
4504;5238
8268;4350
6466;5968
3217;5008
6902;9784
108;5761
9861;7157
4363;395
9968;9095
3560;1707
535;3322
9514;4674
9399;7451
7380;3213
3530;7227
6539;1225
9103;4525
1337;9227
7183;6813
5843;3701
6413;6995
5714;7515
3177;199
1971;6209
6599;1934
6047;6806
432;275
2812;2878
6389;3253
8445;2068
3819;1454
3006;9970
8732;5008
3353;7371
1155;3591
647;6197
3530;7834
8102;3203
4473;642
8890;9417
1559;7316
1100;7702
4031;4067
6569;359
1315;5577
3016;3677
6052;3547
4412;6552
1009;9875
2813;5856
7649;31
5970;2123
429;4491
8967;5272
4937;8670
4849;1618
9907;4708
8745;188
2786;1659
2363;8517
6112;4164
872;5495
7207;3545
2188;1611
6896;9366
9457;4977
3843;4024
1138;4892
9918;7657
9513;3377
8533;5778
7651;9135
2282;7431
6939;7654
8446;7380
2096;5828
892;1868
8299;9377
4737;3817
5495;6612
5790;9999
8269;2630
219;9662
5771;3900
1155;1375
5075;4386
8020;2441
3110;842
1236;3135
6814;6724
9706;6222
8552;1285
909;759
3962;2834
3842;7984
2404;2916
3110;6303
5966;1199
8471;1784
1582;9227
7854;394
2239;4895
3482;8279
7477;8482
77;6781
422;5391
1356;9629
8454;350
6019;727
7269;2796
7247;2331
3581;3356
385;5041
9997;6943
1901;3010
6692;8828
9003;22
8457;6232
3356;4720
2377;9493
4201;6118
980;3648
5934;3786
8021;3398
2642;588
9248;1870
7478;9724
8468;6304
7841;1944
32;1877
8319;3288
2431;8234
2075;8480
4170;1971
7949;173
2238;2327
4935;9664
5613;6629
7875;412
1023;6666
8232;1682
5908;7099
1635;6027
3963;2247
9489;933
1960;8160
5448;1934
2649;2751
8740;1757
7426;7941
5473;7685
4223;4274
5873;7180
597;238
160;53
9340;5700
8232;3982
4116;1224
8668;9015
5599;2859
714;5855
4382;4977
8816;2168
5519;2151
3080;958
999;4734
562;5115
660;1783
1712;2652
9105;9289
3471;7868
6014;1301
5539;4694
9957;6441
9156;9796
1235;2572
8362;4705
7605;7926
2167;8162
7844;7877
2301;2167
2008;2717
5304;7796
3979;3287
9594;9767
1450;8134
7834;1925
812;7975
2469;9363
9613;664
7575;6719
7227;2648
3327;6359
5135;901
351;4578
1867;2735
9944;8790
4035;9539
2763;3701
4136;4521
2939;9896
7832;3807
6776;3988
8278;4878
5220;5473
2725;6281
7082;1798
7117;7752
5643;9799
7674;479
4733;8606
4574;3091
1602;6417
1749;143
3005;1110
8552;6350
7788;2567
3578;1647
3973;2812
8292;9263
831;8555
8263;1418
6783;9621
2809;5027
2066;5845
9610;2801
1088;4510
9501;3573
3129;170
8017;9277
1621;8775
4537;5085
1636;8448
6887;3446
2399;9930
9124;2429
6650;788
2901;3696
1515;8772
8256;5660
6165;1381
8016;2963
2;667
1043;4263
1354;4559
3531;6499
758;8590
4231;5309
4775;4821
9076;8072
5980;7946
2996;8168
2291;2102
1877;6490
4113;5741
5639;8959
912;6084
4139;6892
9777;9108
1260;398
7296;5836
8922;3693
2640;749
2026;5199
4126;3565
7325;4610
3740;1328
4130;3710
4103;3782
2369;7691
196;1348
4047;8927
3765;1654
7401;5741
1823;7557
9180;4565
1873;6846
9382;5072
5595;1420
4504;4348
9583;1632
9917;7998
6454;9694
9314;3174
2130;4573
9364;966
5433;9650
664;3327
4260;3541
1884;2763
8567;3977
2611;1400
4119;4384
1782;9694
2578;2908
2869;4086
2845;4027
3986;7156
5799;3608
953;3510
9573;9282
4022;9514
5323;9363
4442;5261
4097;5172
5333;2706
3848;3604
2445;4782
1894;9045
4290;6468
2201;6319
7872;303
8758;9284
5758;5626
6002;2869
2625;2954
4753;9882
4550;2332
7469;7777
2293;7239
9727;4683
644;3690
5820;8496
9463;7536
5098;7579
8494;1665
2253;6728
7251;8774
9153;7447
3298;4705
7992;7300
7143;1967
5577;9114
9568;2967
6356;7169
7761;7754
7443;4147
9861;1595
2350;9568
3645;3624
1383;7747
4016;8928
5732;847
5655;2976
9181;548
1754;9078
6051;44
7105;6687
6498;6594
3982;784
623;3726
2212;350
965;1299
669;6948
8920;1135
5974;2847
4367;5670
5635;1779
9362;7187
7083;4414
6153;5585
1097;4957
6962;3349
7957;4876
7977;7413
7348;4719
2838;8950
8508;5198
1529;3768
5391;4302
9029;7953
2746;8039
4349;5684
2904;8634
4625;8726
9811;5443
877;9999
6372;710
1663;6864
3544;4366
8449;3242
4747;9542
1778;3587
7195;3168
474;5805
2477;4125
7090;4760
2371;4767
1514;2697
2271;309
1286;8075
3822;4590
1496;9657
436;1
9392;8426
4170;4007
8784;5937
148;4617
7200;4031
5181;2398
4334;7511
502;7186
3831;8318
4686;3525
1657;7037
1696;29
3414;5145
744;4374
9828;9326
9205;7422
4344;7357
7153;7113
9251;3638
2282;5160
7118;1248
6917;7369
2418;6564
4658;1435
4199;1952
2756;4437
4386;1809
7772;5942
7910;7311
6275;1630
200;5654
9396;6630
4816;247
9886;7413
8978;9379
3009;6001
7578;2190
8084;478
6905;2449
5752;1391
7755;2593
7186;4445
3842;2749
5343;6125
5535;2079
5120;335
788;2646
8777;977
4861;9251
5385;7493
7919;2185
8187;7842
4934;3709
1768;6109
5430;3189
1696;26
1579;317
2922;7016
1907;575
9624;6094
4431;2252
8418;6923
7456;9647
8903;6652
8434;2877
354;9747
1314;680
1042;6016
624;8975
7144;7204
6169;4569
1500;3151
5669;387
8563;4334
3920;5843
819;8815
6149;3596
3677;8113
93;1816
366;8308
6049;9280
5738;9822
6653;9189
8036;1750
8443;6391
660;4337
5432;1867
1772;6298
838;7796
8163;1997
6887;6296
1241;7215
4172;5007
7204;1227
1447;3106
535;7202
3923;2049
9779;2568
3139;6342
7239;5922
4320;1012
9717;7287
7744;4081
5708;4108
9120;4305
5543;6217
198;6726
4931;9188
4944;1173
9038;7017
8472;1744
3807;1829
5630;8502
3575;483
3651;6175
9192;5322
8593;8455
8848;9107
8441;661
4585;2213
6667;7984
1091;3515
8836;1317
9778;5110
1393;7747
380;4982
6156;8207
4341;1056
6249;473
9133;4661
9204;1737
285;1410
787;1320
8405;2700
8752;733
1761;1622
9150;5256
1075;2920
9092;8508
2136;7841
8955;9007
3525;1197
3864;5704
1311;9756
9018;7608
9931;8238
5917;1194
8618;1579
6883;8106
5736;9890
3389;4829
9160;5606
9658;5436
9444;663
6777;8339
3945;5245
4104;8023
4296;8627
4178;3150
6646;6943
4480;3151
3968;2342
4472;6426
2374;2912
9101;4624
8869;2992
634;9119
6277;9083
9103;7770
2139;7380
7935;2311
2348;5191
5374;9326
6970;9956
4229;648
5275;6409
2137;2238
9329;4539
2079;4140
688;8442
8170;7914
2691;8888
4928;2134
1661;500
9115;981
3898;7802
2057;5735
1814;3066
6882;4073
1718;2907
9538;7466
7870;9856
4599;2687
2232;9778
6937;9465
7016;5913
8105;2662
7636;5596
1959;3999
6918;6224
7445;5306
7563;2961
7791;2586
8754;1786
4360;7708
4528;8061
356;2516
6094;2533
4234;8289
7592;3842
5199;2061
5003;9041
3484;118
857;1344
6247;8157
3202;7420
5866;7039
5886;4877
1160;2858
8639;4303
3676;136
9642;9187
498;7333
338;1367
2318;4600
2075;9293
433;4720
6855;1269
9219;9507
9918;6144
1237;5604
207;9437
569;5569
5834;3764
6270;2417
5624;8619
1858;8384
4488;6055
8683;1552
9974;5604
686;7231
9654;3920
5585;4471
4203;2031
2839;1948
8967;5859
1883;1610
7663;3698
5073;2926
5402;7723
8523;5356
4663;5291
623;1767
7107;9767
2371;888
6091;9938
5885;2639
9668;1685
7445;6181
1477;5511
9256;6870
7421;8781
9736;4954
9334;2079
5612;5818
2910;4941
334;8844
6129;7443
2402;9557
6089;572
4103;7614
6745;148
5819;1419
7375;6173
3606;8663
1774;1901
8048;928
1152;4699
533;9648
9503;3795
9049;174
8819;8386
9341;485
2933;3276
8863;1146
3003;8192
335;3539
4700;1234
8903;4093
7012;6536
1927;3274
5226;1163
3230;9419
6159;6475
4287;9167
1974;4789
3267;8183
32;3007
9117;8168
145;1078
1938;8714
7328;4646
2780;5488
7674;8048
5714;9403
7350;5943
2500;5022
9869;9287
5533;197
4760;4111
7869;3180
1565;9609
71;7838
6702;5429
2386;2420
7112;6732
7347;2394
3888;9566
2243;3278
1080;8433
3139;5103
9751;2525
2108;6169
5014;7054
7175;89
4265;1329
103;6773
8098;5799
592;4974
1538;6151
6733;1264
2074;3728
627;7937
2778;8027
4961;199
3275;8857
1027;1245
8724;2825
1191;2336
7115;1290
9140;3813
8163;4635
9348;2184
2899;784
3185;7811
1615;4246
2817;7568
9290;5671
5653;6881
1800;863
1439;5992
3299;2544
1337;5977
4984;7742
3308;1101
8136;8630
951;5393
9803;4897
3589;3026
7785;1249
3829;3995
2675;4553
5088;8899
8650;1291
5666;9214
1394;7492
7789;2325
1124;115
9793;3828
1005;980
7099;3109
6424;1778
2948;2074
8573;1415
3025;1020
6565;5030
9027;137
5940;7377
4994;9880
7800;1955
6797;8543
2068;1239
9566;777
394;2715
30;6501
9079;9997
750;5673
77;8266
1060;738
8584;8493
5154;5218
9031;5494
1210;3856
7412;689
6697;7039
6755;1674
4093;9756
4331;7157
8111;3310
3671;7656
247;6167
1873;9449
8954;8876
2812;1710
4084;6824
9851;4514
2365;3738
7453;8429
6632;8321
9685;4819
5287;6165
5026;9613
44;9191
1125;2349
9383;5251
180;6546
2355;1251
5485;7139
2374;4177
2334;5578
3458;5736
1975;3506
2023;7987
5571;1423
5774;9287
6249;9653
7491;2162
1231;5103
5605;7304
2755;8790
5299;772
6052;5926
3630;4727
4999;2462
9607;5512
1206;9440
5536;6769
324;9223
9058;9395
91;5752
6244;4643
8298;4334
4892;1401
5220;5147
3724;3828
4321;8652
7573;865
7067;404
862;4907
2543;7359
1646;2901
219;7737
6366;9515
4714;1710
1052;8638
4680;766
8177;6447
4036;9459
9635;6574
2691;4435
5366;5446
5651;2124
4054;3823
3901;8290
7005;8731
7849;9754
8843;8546
4259;1033
8964;2788
593;6378
5828;7368
6459;770
2134;5472
481;1772
2643;4048
2311;7849
8041;5955
3734;7732
7561;8216
9868;9731
329;7563
1302;9512
373;5442
677;9781
3087;6033
2719;5578
1538;2444
4995;4411
9505;8241
7779;1364
4333;3718
5334;5475
6825;8929
7645;5167
7224;8374
1164;7346
6067;5475
9503;6876
6195;8474
159;578
7512;3246
1347;2670
9250;2660
3800;6563
5408;6576
6000;1371
7823;1361
7719;112
7889;2889
5984;603
2321;2360
9614;9362
572;43
3326;3422
1515;8022
96;4928
4810;9390
905;8596
8034;7971
4321;2712
4088;9630
4456;171
4650;3489
4754;7282
4523;8968
6806;4519
8614;2453
7910;5243
7959;5637
8467;5505
3753;6069
448;499
8622;9308
1179;955
2556;1222
2437;5839
6821;8435
3499;6080
2978;4702
8168;7742
5662;1074
48;2026
7191;8123
7365;3833
9262;9211
8511;202
1999;4798
2121;4886
3433;9142
993;5572
3158;2379
7448;5806
2310;2941
8830;4550
8316;7544
5757;2489
6909;8561
2466;5682
5799;1514
8145;3984
4081;8594
481;3763
8981;7699
7829;1867
6848;247
4392;571
8454;5256
3578;1241
9590;1556
8310;7866
6728;4852
3498;273
4065;1392
5065;820
2686;5416
2025;7696
4733;3284
2898;2558
5526;3172
5467;168
4367;5610
9324;2951
410;6743
3959;3922
3424;3187
1260;7343
544;4616
170;7607
9150;7804
3029;3369
2937;3752
7623;5747
2904;7733
6336;6522
7525;632
3980;4716
6663;8762
8818;7650
1937;8535
7135;5663
2207;1782
271;8026
6580;7325
4475;1276
8932;4477
8156;175
7311;4546
8151;5831
8796;7145
6481;5107
5392;9109
1730;405
9353;5197
4671;9126
6978;1361
6048;7696
8362;3371
5512;5882
6841;5827
4654;3346
5947;9198
3785;1825
3581;5413
1658;3192
2782;5761
9685;5724
6031;8355
7367;8351
5278;6286
3626;5426
3096;1711
9536;2560
1248;5606
1533;7503
1742;7678
609;8674
2032;6027
2233;7965
370;1528
3771;3758
9553;7654
1024;4691
7294;2446
3198;4656
9273;5696
6053;4754
6559;1068
6328;8481
2550;9803
6575;2299
5818;9999
8518;4920
4344;2965
4721;5130
3491;6110
2940;9777
4767;19
4855;684
4950;5884
1055;1664
5449;8303
7135;4552
9933;7630
1534;6262
4190;5484
4375;7197
5935;6827
7961;5054
3888;2117
3812;7058
4783;3398
8188;7949
4206;8964
7871;683
2143;2204
667;1723
6962;1608
544;3064
2165;547
5644;8663
8718;7413
8472;3838
2005;8969
1531;2366
6541;2360
8336;7518
3449;4131
9345;67
5418;7798
4660;8414
1358;5074
525;3443
8294;9655
4629;3412
1174;6643
6019;2288
2221;5146
9016;8275
202;6356
6960;7978
6582;4510
826;5631
9895;3526
9800;6143
1873;7828
5759;5305
8880;1903
1253;460
22;9447
1091;170
8937;9646
888;1969
9715;5062
2071;3169
8666;2897
1733;851
2710;8985
7449;3689
2068;1755
1744;51
9613;1645
8213;3926
1763;9938
1480;2689
6102;9860
6168;8431
9079;1919
5837;7653
3053;4911
1427;2488
5725;3832
211;297
6575;5972
436;7482
4291;6928
3912;7655
6400;8918
8631;3939
7286;4873
6203;90
3635;3060
4319;5387
6959;8684
2810;3784
1320;854
2901;8701
605;5584
3248;988
3801;8097
3017;9117
8606;564
1825;7450
3368;4681
8741;548
4922;1950
7661;8925
5148;8420
4401;4391
2258;4757
1596;1188
3736;6998
1145;2479
6638;8116
312;465
7514;5583
6847;2342
8606;5578
541;3691
9172;131
3448;5440
795;9566
8705;516
3371;8935
8352;1540
4069;3768
3830;1459
5055;7448
8958;4891
6983;9780
4100;9148
4363;3925
1944;367
5779;6754
9894;2033
6640;5911
1392;238
4649;5369
8662;2509
8505;137
2375;4740
8481;9899
9481;3845
3466;838
9085;2100
2833;4676
7662;2847
3049;4048
9115;6188
8341;3724
2240;7660
1924;7907
8002;2445
9306;4869
1708;2630
8006;1514
618;5280
8672;2105
5851;4628
995;7376
8528;2562
4130;2500
4019;7770
5348;4980
4893;5406
2575;6448
2698;5926
6148;5536
1054;3894
2631;2540
7736;4947
8855;423
1355;1906
7491;844
9067;9015
6403;8386
5350;6721
2779;900
8278;8035
9640;9013
8965;1554
6671;3193
1899;5486
9560;2538
8727;1691
1995;5419
5727;8630
2333;8507
5667;7391
2552;7311
8073;5518
587;8347
7987;9209
8359;332
2259;5678
6929;9370
4104;3915
7061;1010
1228;3930
8181;267
163;1668
1239;9215
9615;9208
1301;613
8628;7611
3818;5158
1129;2839
4481;9435
7048;3542
6334;1408
1605;3162
9375;373
8601;7846
7261;8712
567;5920
2957;3482
8516;4325
132;6910
6659;2332
9971;6205
2980;3110
3687;4730
4801;9260
9455;8566
9625;9318
8773;4755
5409;8390
1311;109
1197;7602
9203;2356
8540;3825
1409;8637
6517;3279
6339;9862
8314;31
6184;3281
5321;3180
9588;9787
5459;4521
218;6930
6100;1911
7553;3365
8328;2210
2779;5591
8516;1654
7078;3215
5258;855
1784;4675
4525;6213
9885;1411
3596;9478
6183;4789
4783;2431
9058;6740
3264;4207
217;2043
9450;4673
82;7448
5204;8430
5544;431
4994;516
3671;8265
7562;6693
9703;6314
1088;8322
110;2978
4954;4243
1891;7544
4214;9859
7340;6371
8673;6636
9535;2277
7055;3629
7505;1791
8185;6324
1628;5003
5311;7062
9202;3157
6767;5635
7312;9844
5996;8259
5141;2675
6636;8056
684;3645
3859;425
7463;8069
1422;2239
5296;3908
5005;4673
5418;5604
6340;5644
4332;9106
9325;9355
2659;7697
8908;7221
4937;1412
5838;6585
3850;6401
5563;1066
7669;4386
7546;9121
2835;6554
2028;5449
4561;655
4904;3268
7083;4878
7781;4127
1761;7136
9501;5962
5639;3826
7482;9370
5226;7819
2060;6713
315;1452
4695;8604
456;6677
1362;7547
2329;1107
5780;9082
9733;5722
3180;6641
9139;7239
4283;7508
2851;5746
844;3784
8689;6099
8691;4018
9809;9805
1523;8359
790;2622
8899;2437
6437;1960
4837;2982
7870;7299
9233;1225
6452;6335
2889;8481
9817;9299
8399;2029
5893;4017
3331;8369
136;4659
9193;5249
8439;7845
9557;3486
3161;805
3321;4531
2559;7620
4626;9954
4526;1219
9202;4617
3999;789
8022;6137
9650;6511
3085;9447
9559;6122
6840;6744
7433;721
6336;9929
650;437
5516;4752
8911;4101
4254;3311
7600;907
692;4315
3092;6200
4259;8539
8197;7985
315;316
4688;5522
3813;4544
6427;6490
8587;2729
989;4548
910;848
9902;4896
842;6459
7585;1417
2506;2421
6945;5348
4983;9811
5179;2054
8724;3194
6808;9470
8551;7275
2211;9027
3195;5139
9007;7475
3050;4766
516;5929
2390;2345
236;639
9612;7999
3751;8574
9272;1983
9860;9666
2618;7158
805;6794
9158;6593
7438;3985
369;3527
8940;3121
8100;4596
8265;9522
4410;6235
3859;7158
6674;8449
5420;4986
1603;9800
6461;6907
4500;2354
9270;9192
5568;5609
8479;864
3361;3942
7930;4495
6571;3029
1751;7156
9272;6835
4652;3831
1472;8282
8338;8514
6336;3514
603;1439
7843;1776
1220;4370
7761;393
4030;9787
8836;7031
7790;3871
1866;9524
9275;7741
7925;6887
889;6091
3452;3839
1625;7522
5107;5138
4584;6238
3365;5349
6462;482
8671;4273
4440;9142
1619;8212
3705;4250
9140;2475
4496;3810
1929;1085
1002;6274
4479;5548
5679;5346
7996;5666
1674;1307
8175;1940
2878;3010
4409;857
5857;2871
4291;1514
412;5723
7501;4444
5842;1243
6093;1246
8112;8793
4025;6720
9085;2999
7361;3501
2740;8158
7992;2961
4848;9649
7964;5058
1989;932
8520;4170
2975;5419
7831;7552
763;3548
4063;7994
5750;6700
5887;2483
1994;1278
846;4253
6341;8213
3086;6471
6699;5430
5882;1961
9781;3432
1116;4913
511;7001
7400;7279
4986;9294
899;4710
6420;8081
8062;4309
8768;7745
7474;9221
5934;4799
8790;3130
5330;9150
368;1118
3399;8092
3580;2007
7215;5126
1060;1301
702;1093
8143;3176
6193;807
1638;4534
2074;4425
7725;4129
5048;9109
1244;4971
1240;3191
1956;8795
3757;2021
9420;7236
5619;1945
7092;5553
6028;6453
7947;1216
4820;6437
8479;1482
4678;4701
5286;1238
3142;3423
8615;4751
6824;2049
214;2789
8330;2323
8642;9579
2371;6552
3766;2445
1282;5022
3633;680
1756;8554
1077;9168
3964;2595
4519;6586
1455;9948
7228;7650
5232;259
2004;3787
8194;5754
3702;6850
6818;4322
333;6087
5366;3029
4545;9394
4169;7438
1248;6098
7625;4651
3833;12
9408;944
998;8276
2124;8032
8557;3664
6102;5567
5740;5426
7387;1274
3514;6517
8099;4304
3201;3079
3281;1836
7317;5455
7132;3745
932;8664
8066;5221
1113;4266
6443;2647
4023;4880
1014;3747
4128;7179
126;9031
7619;9192
1549;7926
2623;2916
441;9603
2096;3854
8401;5498
1371;4922
7807;7784
1245;3383
4752;5652
9260;5934
711;9139
6310;8893
7840;8484
3116;7557
5256;5488
1247;1204
4007;2214
6350;8010
6573;1498
7041;7140
2656;3220
1531;3706
6828;41
5436;5928
5114;6418
8496;2826
7046;5102
4936;5119
6850;6024
2072;1559
2484;3534
4419;7937
4054;9245
6048;6166
3767;9443
2225;6473
8025;7931
2466;6535
8536;7496
1060;7639
3371;5740
7851;9387
810;3942
1578;1299
8475;829
480;1802
7806;6625
9980;2478
9218;6645
5284;8232
6433;7793
7499;2086
9431;5823
5488;6649
4198;5983
2097;3044
4057;4751
2596;2010
1731;5773
5258;1252
3482;8830
8813;7701
6685;6683
9199;3292
40;975
8517;8107
1205;5036
2367;5290
146;8391
7869;7998
7714;5038
3570;9857
8040;5168
4175;6867
243;7887
7589;506
9621;722
9090;8915
1015;197
7636;5475
7351;6645
2283;1814
4523;5520
2487;5364
9688;6977
4642;9940
3834;5254
8667;1498
1054;9450
2636;226
6320;7743
517;4433
781;7753
7933;1299
8578;6829
3510;4519
2043;7334
8875;9070
2732;3678
8655;8933
4225;9808
2906;4438
8869;8136
8359;2095
4720;3473
1562;1275
819;8435
6566;8885
8633;15
2123;5349
5016;515
8571;2570
7349;9902
2526;7364
4658;763
8309;1860
9471;1538
8638;5757
3903;8453
3517;4001
76;1687
5506;7442
9312;6679
1584;3329
6785;7235
6658;7148
8286;3071
1469;7187
3615;809
8087;8523
6706;4073
9516;3623
6091;5291
5996;2660
509;9093
9534;7796
3595;4788
9917;2221
8429;3287
9982;6480
7432;2069
5308;1814
5628;293
3620;2601
5576;5027
2216;7786
440;8678
7470;4208
7597;7199
9125;3107
8958;8414
3444;4804
5720;9882
3576;5493
4693;6146
2485;4437
506;5886
3671;9449
3024;565
7579;3478
2135;7462
7051;5381
2675;1652
3485;3486
754;3446
6467;1453
8936;100
3538;2097
1880;3153
3527;6347
5859;5698
6369;1318
5326;7068
4732;3584
7165;5961
7904;1176
8632;6866
6397;589
8067;8798
6489;3105
8472;9805
7565;8144
2752;5513
1488;8
6021;5023
2507;8402
4752;2916
8213;2393
4748;1792
6920;2127
9911;5844
4533;2506
1625;2253
4407;8323
4194;3881
7018;868
5216;3684
2370;1911
1058;8548
6960;2141
6632;7828
8880;7631
5604;9785
9134;9722
1817;7329
4660;811
5252;2978
8645;990
6163;1816
6763;8197
9150;351
3712;7622
4900;8662
3048;4476
1052;2985
4740;7878
5265;5972
9064;2683
2892;2280
2541;285
8917;7830
1436;9142
8778;2124
1034;625
5561;4343
4357;6099
1632;5576
2304;6644
1287;1535
8288;7738
7201;2343
4348;7393
7567;8606
2471;7705
2678;5844
4370;6624
9418;2617
5343;8841
9635;1147
2977;2137
3676;3133
9472;8266
3524;7569
7123;5519
894;1852
106;3481
4448;2235
2160;9157
6801;4782
8929;7663
6442;3367
5835;9968
1831;6979
7144;4800
4989;4619
9601;1746
9684;2411
4468;7849
4989;4216
5078;533
8390;3960
3153;5564
3924;5216
6023;9950
9872;1126
8621;6165
7427;5662
8668;5878
6459;5457
829;8521
6992;9921
5758;2421
5351;6246
2958;3994
2056;5004
2159;3553
4496;1543
6521;4620
1167;8147
2382;7373
5853;2004
4512;5785
9469;4449
2866;2374
4540;7637
6672;4069
2243;5851
4387;7643
4814;9966
3492;3409
6708;5252
2431;1411
6383;4664
8052;5256
6828;2036
5890;4853
7011;2185
7284;883
8343;7827
6931;573
9906;6443
6782;6515
3751;3723
7387;7667
6852;4073
5742;4436
9466;2836
9523;7794
579;9304
1142;5746
9888;4403
1535;9158
2333;2007
2766;2928
5594;8257
621;7824
3129;8927
3168;2887
5397;970
8986;8274
9663;659
9176;3626
4485;7422
627;7621
8364;9408
4047;233
3369;4123
9252;402
3548;5048
1865;8322
4877;3040
186;3342
8171;9557
8288;5615
8897;7251
1610;2038
8141;2326
4248;4811
7132;2191
2990;3937
3671;1418
1694;3421
2550;8789
1048;4557
3656;8286
2998;8718
798;7295
6118;6344
1538;6013
8111;8478
3269;3055
4251;2084
3647;3597
6073;673
4083;8066
2911;7289
3487;1322
9982;7777
5675;4560
620;8465
7950;4767
7026;3846
247;9434
3394;6681
3924;7475
7670;5054
6789;799
3337;8345
6289;4833
612;6821
5905;447
7230;7615
756;4190
2592;3224
7169;8515
5469;7342
7546;8773
4681;6835
6241;9148
4218;7974
4370;5415
9122;9663
1459;8437
6103;6325
9695;8651
3355;8359
2146;8432
7326;8630
9774;6217
296;9343
3351;3506
1528;4794
5404;3485
6503;2034
4257;7878
3267;3252
6905;6885
2301;819
9967;5562
6455;8358
8291;8840
498;8960
8922;6552
5610;4709
4095;9264
2757;67
647;5517
273;5322
4856;1152
5267;5333
1072;1799
5435;3082
9706;314
7778;7173
5154;2007
3345;7366
7070;1775
2628;2439
9008;8995
4521;270
6928;7898
2840;878
6299;3509
8346;9335
630;5756
917;6991
6103;7294
6077;6206
6739;3794
2416;5964
1971;8951
1636;3122
3876;334
905;6826
4421;6336
8015;1663
4036;8935
3420;8505
1585;1781
9674;658
2376;8174
8000;6949
5241;8938
3753;2676
1917;5874
7425;3962
1946;2525
5473;1005
4172;314
5742;933
1510;4765
5566;1551
9142;3478
6684;3125
7525;4817
88;6543
691;3852
5590;2662
7192;9971
5471;9487
5746;8847
8923;919
147;9908
4152;3265
8320;9348
7987;3435
8546;7818
8654;5796
1824;1459
5942;3052
3098;4647
4442;176
5646;2963
9728;9415
2311;5279
4433;8716
4476;4545
989;5516
4643;7940
490;2781
1356;8318
2605;4434
5807;603
9764;2844
7918;8684
9932;1942
5955;692
6231;5690
7808;3079
8350;3146
3947;6872
279;8152
1754;2631
1220;3807
8466;4216
1691;9317
5261;5275
4859;9535
8168;6527
3876;5612
2417;6368
9626;8488
5626;2125
9712;5675
1770;4334
8717;5771
2273;1866
1831;4431
2770;1385
8789;171
4078;697
2718;8287
3744;1853
8994;6419
187;6529
2463;5868
4873;3180
7536;8614
9244;2720
4521;1184
2171;7090
7349;3003
628;2954
2334;8674
913;997
5000;755
330;9810
2163;2014
9508;2184
9413;3914
3693;806
9983;1118
7297;9781
9524;177
9745;8208
2796;4246
2227;2103
2459;4677
4355;1392
7206;4622
6914;9363
6349;9423
1927;3052
611;3485
4035;4316
4367;3567
7876;3041
2872;3993
4557;5870
9104;161
6592;6128
8791;2876
4752;3192
8878;7572
2137;2472
4277;9265
505;367
73;6204
1390;2093
1516;2618
9855;4128
2129;3716
1874;7131
1040;4131
7281;9718
4255;4377
8981;8183
1000;8580
5686;2401
5491;729
9837;3506
6535;5985
4562;4679
2214;8238
3519;2383
4566;5015
5323;1746
9680;6066
9859;6420
1866;2562
7259;215
6719;9655
1556;5091
6770;6373
117;7666
5170;3281
6835;4299
7373;182
1760;3044
8170;3225
2356;9248
1551;3226
1894;459
3888;4754
8626;5421
6689;8593
5338;1409
3815;8550
2623;3943
9429;7281
813;2983
7202;4767
4865;131
8326;7416
3721;2073
5756;5369
647;6503
4737;508
3900;8136
5193;7929
7683;4048
9806;9194
1827;9546
2743;6531
4861;8051
7897;3356
9239;1073
2223;7960
9353;7234
9324;4039
2665;2533
759;3829
1808;7547
7729;7083
826;1141
3785;1819
1837;4348
9962;882
9395;2612
7391;1682
8535;9303
8808;5180
9090;8546
9648;4188
3258;772
1428;328
5561;138
4993;3665
4383;8973
8847;8900
2080;747
8287;7305
6280;9720
4348;4105
8475;2374
7639;6898
7211;3021
1131;1884
2310;3571
7605;1154
3405;5317
2081;6123
777;8844
6859;9283
9012;6667
6988;8894
4275;2059
6940;8995
4180;6655
5092;128
5157;8920
1171;4586
5967;5308
3288;3647
7623;6038
5365;3261
9326;7830
2846;8961
7231;6633
4398;385
7890;4415
0;745
1001;5420
1277;6793
6769;8954
8255;416
1597;7704
7777;3855
2106;2907
2770;6714
1555;226
8272;4434
4598;3138
9655;4707
6039;3811
851;416
6730;5002
5550;5138
5101;336
2312;9973
5928;4463
5326;8522
8911;9079
6160;221
8369;5549
8261;901
1958;9970
5179;3440
680;1915
5551;694
4669;3794
2712;7510
9231;3822
4494;8525
3445;1887
9220;3751
9277;4303
7213;4466
2580;348
3246;7800
8651;812
4255;9609
4041;6324
8376;1711
3250;1155
5932;1357
3588;6403
288;7939
4034;4975
6743;4379
4210;9644
513;8359
7763;4589
739;1628
347;295
5989;4004
6207;1471
8173;2328
8890;7730
6023;3671
1045;7158
6295;6362
5415;3650
755;2057
4188;9874
9635;6963
6648;9086
7730;613
5746;671
7638;6126
2618;6235
5674;6744
4370;5355
9988;9653
4495;2682
7080;9549
7197;1001
2482;1250
6570;8034
3713;2752
9115;8349
8803;7580
3369;5514
1615;7991
3590;3853
6045;8701
5365;3550
4729;4120
9766;7694
4336;788
9277;4895
8743;710
3072;6523
3422;562
1425;3331
9244;6390
9069;2247
1545;3339
5110;471
795;5199
2749;625
4493;9107
5521;7729
6029;6624
8019;5979
5143;3561
8112;966
6370;7474
4608;800
6376;3484
8952;7880
8467;6261
2102;1541
2693;8412
8017;652
2968;3248
3352;4393
8408;2992
8888;8912
4704;1834
1972;7314
2740;6930
854;545
5916;9436
1151;7122
4681;1971
1879;382
6598;8531
3524;2929
2981;7797
3412;9326
8580;1026
4299;9705
9100;1281
530;8933
2444;1614
2395;8267
3480;5995
3367;8997
8866;8292
6797;477
7994;1391
8334;8186
8502;685
7868;937
9915;3572
78;249
7010;9366
5839;8979
5259;2065
7677;853
4305;1808
1200;7226
1864;9505
1043;2571
9661;3158
4224;5524
5038;3654
6000;8079
6755;2477
3354;1528
1141;3662
9025;4079
5248;7624
4666;1736
6950;4984
5127;1009
8018;4440
7153;9252
5154;9872
4833;6067
5638;8395
1036;7074
8843;2850
8762;9582
2196;9374
8847;8200
318;3092
773;7294
9081;2747
1502;6323
2104;8110
3143;3552
5797;2409
4088;3431
495;5677
9767;2995
9451;3931
8596;3069
4491;3381
5861;737
6986;8507
3326;591
5481;7751
5124;3609
6769;847
1186;4146
5516;7335
7853;7488
8638;6689
1617;2729
4531;6681
5986;8250
4014;8080
3367;59
9362;599
3541;6398
164;7116
7842;5583
9917;650
3435;7889
5233;1274
5263;6393
338;8253
4155;6219
3137;6023
8347;6347
5530;1335
2262;3274
9925;2870
748;1182
5877;3936
9202;9023
5703;3499
9986;908
5526;684
3400;2567
8731;3186
7073;3270
2071;546
1113;9582
785;9124
7590;4571
7998;6792
2025;3718
5399;1858
1415;6641
6742;2546
8047;1968
3069;457
844;1247
8699;3887
6317;6558
44;4622
9334;5724
5060;4870
9859;8395
9785;9370
5577;6128
9800;1410
1889;9618
8701;459
152;6683
2691;3432
2237;5273
274;1242
4469;6834
8682;7198
6872;6679
4156;4078
4235;9672
1491;2236
3995;1495
9349;1998
2171;8038
1778;9770
2677;8049
3078;8765
7199;7079
2733;2085
2538;3954
9437;8005
9838;4564
8443;4716
5408;1561
4433;4572
6022;2733
2881;5898
2488;5278
6514;3810
4078;7969
9872;181
2948;8301
4189;6867
2080;7100
6893;5620
2472;8797
4835;2743
5315;1593
8048;6461
2704;8066
1309;224
6085;3450
4075;5739
5078;5740
5442;5362
563;9091
9739;4690
5018;9541
37;2678
9947;9999
1460;8406
4969;9647
3468;748
5618;1440
524;9635
7246;206
3467;5322
546;3028
9739;5151
171;3022
9228;5664
1661;7425
3869;1593
3490;976
3403;2257
417;5984
6725;205
1515;1199
8104;6550
1278;2596
232;2381
5008;554
1515;5898
350;9552
3354;424
5247;8447
4209;9379
8889;1704
1210;443
6277;4525
6773;2627
8907;7703
7232;6807
3804;1289
2849;2366
602;9620
3732;42
1725;4164
4177;3800
3848;4724
8712;2628
9752;4061
6768;6519
8463;5719
9281;9565
8128;9980
9775;7102
476;8218
4519;3159
7888;1685
1191;9052
4139;6750
3158;3922
7667;4984
6967;3261
1889;3087
3907;2000
506;4677
2642;4641
7003;3178
8793;6056
6653;2677
9105;3105
6159;1485
2361;9008
827;1378
6567;9542
1639;4003
2082;2544
4915;4776
3373;9976
5406;3755
7831;4828
9597;2413
8729;3546
9756;5056
772;8306
850;3657
963;2493
1807;5333
4515;7029
9840;2375
5411;4802
1521;5776
3885;5413
7140;4529
8539;2671
5503;4639
9168;2835
4786;3736
7392;2475
1302;9452
6173;998
2129;2334
5985;4381
9427;6940
4965;3464
3955;7987
2720;2273
2829;1954
2626;9271
1871;8374
5449;7176
6046;9182
7889;5064
2408;8999
3270;9808
8766;3937
8002;2626
7835;1661
6670;458
1015;815
667;1253
8160;3620
100;6823
9700;1513
6412;6862
5278;2
3602;2999
8747;5580
9243;2263
2765;4486
2581;5260
7538;414
5933;5498
7280;5799
7317;2815
4896;9276
6790;5674
53;70
6331;4188
8326;8619
3266;8189
9444;1583
202;2394
755;8513
256;3770
8037;6951
4929;4577
9478;2467
3430;8249
260;276
6451;4267
4564;5426
4462;2473
8990;9310
421;6925
6417;1238
9497;4272
2137;5174
3834;1939
4742;3377
8721;6899
2674;658
7614;6736
3634;5217
7364;852
8089;4659
1762;1170
18;8632
1014;8500
7741;2782
7161;2855
5161;2233
568;3412
9094;6642
645;6603
1492;3009
4693;8821
6299;6925
2433;3642
9453;7674
134;2125
7116;7721
7529;8750
1599;2507
2727;4845
6636;2188
5183;6013
3691;2975
4467;9947
8788;2079
3030;6323
4990;6914
4486;953
9111;6163
4993;2321
2493;7590
4282;9742
4758;5099
4556;8921
6329;5385
68;2472
214;2784
7518;94
6045;9437
7573;5515
9707;6714
812;5070
5;2999
7162;5839
9781;2416
6512;9624
2639;8815
9618;2743
8019;9470
2604;609
6751;3299
5445;354
6380;9164
4649;4403
631;807
3029;2810
129;6333
4922;2429
2184;1796
3530;6539
5856;406
8129;9419
4811;1150
2835;6543
4521;3209
5320;2572
2261;5463
3442;6106
8047;3560
73;2296
2187;586
1609;1846
400;1195
3581;7666
637;3194
7638;8510
6657;5070
7711;2290
2183;2695
9629;442
6025;3560
7670;8726
2952;2249
3567;9123
7295;6625
8352;2133
6249;193
5086;8712
7704;2446
982;6300
3023;5666
766;3992
8681;3601
9155;7734
1891;4713
9319;7636
4457;300
5872;5965
5950;5662
5498;6212
2013;729
5673;725
6107;5067
2103;6837
3341;1034
8475;9179
3142;7997
7924;8893
3500;9992
4202;8861
3247;8973
1966;7725
437;5905
9824;4482
4251;2325
6823;9729
5056;5748
2904;9277
2274;3273
6544;746
2505;9129
8243;4049
1021;3515
6841;2175
8163;2076
6736;9586
8453;7611
7990;1725
4300;8216
8041;595
8057;8953
3287;8213
5892;7356
1150;1839
4445;6605
8399;2320
6556;4036
9486;9628
5500;6816
9463;7735
8095;1066
9598;4330
5815;5479
293;9573
9625;5606
5080;2064
8620;331
1535;9517
4753;7815
9811;6253
5961;4188
7133;9559
7795;4612
7105;2178
9323;2997
5945;8795
2498;3595
3885;217
5451;5001
8875;144
9256;4646
1478;5920
4573;9797
4358;6449
9286;9266
7137;7600
774;8582
7561;7838
6743;182
2880;4576
6724;9379
1148;4782
2251;6261
763;1769
7509;3525
7954;3754
3832;269
6180;8781
772;2215
8432;4904
3703;9522
3284;4143
2906;4386
8210;3667
1913;1955
9152;7887
3516;9739
3629;716
311;2663
5772;8108
2879;3178
5587;7174
2811;8438
1471;9678
9634;9458
4569;4498
431;356
5876;5783
8416;9344
2194;954
2086;6940
5009;5438
9677;1041
7138;9093
4613;2947
5630;2646
6403;3217
5784;1137
7991;1312
409;5375
4971;8385
457;1703
4262;8295
8053;4999
9859;7942
579;9763
1090;4361
4962;9387
4440;2657
4611;4271
3470;5842
7541;5291
2590;4886
3135;351
9545;4910
6756;8193
8334;1316
5905;5482
9006;7907
9036;296
3252;7518
8253;7571
5068;4575
130;9799
3881;8104
4667;9352
3475;3206
1004;7136
3830;8768
9921;6006
4534;9279
7407;6332
7845;9018
587;5425
6638;7598
7179;2157
7534;6862
2297;3032
2261;485
1920;6214
1004;9264
596;5571
9899;7063
2116;7661
1104;4636
5738;784
7946;1160
7326;6693
9538;6176
4285;2383
8952;7897
5524;1484
6533;7322
2854;2235
5278;1462
8210;1723
8332;3122
1860;4178
9594;9145
383;4430
7200;3812
9616;6370
6208;9154
6977;199
1196;9377
9638;1600
1706;2251
9864;551
3424;6403
6495;7464
5876;9752
2031;9539
2995;985
8082;823
6390;2937
8022;5287
2423;4013
4637;3461
3221;1387
2251;9620
8692;7585
7378;8354
1278;313
9293;6448
7696;3876
2090;8457
2232;9401
2746;2068
4313;219
5543;2441
8999;8210
1770;3054
2810;6712
5054;4277
8882;5674
6904;9893
4819;5121
4082;6084
3815;3737
9268;7027
4612;378
9180;6166
8717;7665
9733;2483
3892;8471
6175;6639
1414;8070
7189;2728
842;6989
5909;7568
109;2192
7485;944
638;7141
2411;7032
6879;4465
7161;9354
7173;8518
8841;9018
8177;8929
8570;8795
8205;400
9056;3575
5808;8495
5477;1178
8657;5880
5155;6127
4367;8637
765;3012
9308;7615
3858;5373
3605;5520
319;650
583;6478
7057;1674
6703;1120
9709;427
3681;6908
4402;349
7936;376
2770;9342
3762;5238
8275;6797
5694;7899
3678;4472
2427;9806
3989;2852
9344;4296
6619;1746
9208;4116
587;6287
910;4628
9665;7283
4297;6862
66;7884
5035;4058
1950;6926
7248;5081
5397;2983
3223;8221
5740;2153
8871;9248
188;6917
819;8352
7524;3022
