1;4000
8460;1618
192;8130
783;4600
9590;9701
2270;2435
6649;320
2165;5614
8285;629
9469;162
3169;9015
4637;2014
4895;780
655;7518
1919;9522
1849;6075
6703;401
1452;5856
9366;6338
4399;3796
1726;9812
151;6607
6109;4918
1433;440
9538;6582
8670;2973
7993;6457
6683;3242
7314;7910
9686;1298
7019;5700
3034;1920
829;9517
5296;4025
2988;4348
2234;179
2633;4814
5047;8655
9387;5073
8840;3858
2133;655
3702;9623
9476;3702
5;3882
4805;8458
1571;2499
1054;9595
5208;4699
264;1973
2789;2442
892;6760
2525;1344
1420;5510
9362;1299
2291;748
551;815
9441;8883
1353;290
1765;8864
7559;5906
1764;7893
6055;7665
3296;3729
2018;2179
2856;1614
1491;3275
1170;2742
1053;1225
9976;281
2116;4443
4845;8472
5959;5887
8651;73
7045;74
1841;7520
6372;5604
5098;3568
3683;2406
7121;7896
7183;2541
5312;7176
2089;8307
9948;7450
4824;1670
3058;9318
7943;4558
1689;8379
1998;472
1479;5663
4450;4007
541;5379
2475;6404
5559;191
6050;2028
1658;7455
49;2825
5163;3387
9270;5194
3657;5938
8253;6518
879;1344
8582;6571
4981;3748
9941;2488
7387;2075
7610;4557
6087;3449
8337;4193
1590;7809
8539;4672
5943;4118
3648;9877
5228;4574
5087;6223
3812;9579
1844;8162
4193;2848
6875;8245
9795;3046
4715;8572
9291;5567
5558;1644
106;5698
2794;5144
5658;2285
5571;6945
5566;9241
5252;3800
575;767
4832;9573
4288;4981
3373;6632
1888;9811
3255;7066
2025;4468
6705;8776
1776;9588
9435;5147
6160;9225
3481;6032
3091;8275
8345;2057
1822;9617
9431;3894
7985;6296
5401;3074
1091;5400
1568;1157
1068;1936
4747;9627
8782;2979
6055;3765
1810;4629
2111;9915
773;6922
1764;7062
3417;4708
5082;456
3364;5767
3612;7112
7913;902
6165;471
4638;4657
2292;4246
9646;9373
6457;3513
1295;9851
9486;4513
1954;581
301;3274
6948;2644
174;7188
4206;2767
3772;2962
350;2729
6131;9000
8956;3338
2341;176
4531;3555
7224;8253
1430;1953
5569;1687
314;4712
9590;4502
6077;1584
9188;5041
202;8872
2333;1935
7400;6361
7417;6401
1095;3350
6793;7148
4808;7471
857;6536
6831;8796
5039;4456
3710;911
7838;9373
4008;77
6648;4416
7569;3382
9541;30
7085;6881
5391;3722
8158;5109
1773;1741
1221;4079
9926;7137
3731;886
8725;3587
3833;4394
5094;4623
7345;3120
6583;3442
8364;8399
2927;9344
51;3178
7331;3064
6210;9404
4955;4688
6190;9818
5597;4727
5307;3255
9941;985
513;5992
3908;1314
6347;5593
3606;5089
9355;7814
4186;4294
92;1601
9493;8472
592;1987
5854;6484
1772;5799
2524;2006
9595;459
3391;9013
1041;1899
9385;8096
930;3621
8689;4416
8465;5282
2335;3326
8006;5821
6079;249
2020;3125
5517;7282
5420;9487
350;157
9582;9717
5413;5713
1203;6647
643;1801
5870;7005
9503;8705
8713;9137
5543;3560
4842;2913
9763;7015
398;1289
7242;4425
1000;2467
78;2249
8134;1376
5119;3992
5583;9263
9193;9030
7405;619
1576;1973
6147;7331
3288;9827
5010;1035
5501;9144
472;5915
4781;5620
2551;5913
1200;4126
8302;2220
6473;8041
418;9222
3143;2940
6885;9669
2620;1180
9500;2714
9386;727
8788;1693
1040;3704
344;2046
9026;7553
2957;3609
2865;4457
1998;5670
1512;2725
2520;7617
9023;7210
5254;2820
8203;4513
5282;8453
5062;2718
7526;9351
8994;4710
5414;9751
8427;8752
9083;2742
9374;9926
7291;3630
4764;1272
2869;40
5765;4053
4970;8568
2377;2397
2634;5045
9502;8789
3282;3089
6439;3346
6601;3505
2282;1654
9010;5301
7036;3009
6397;7636
8470;3408
3128;833
7672;5308
3480;3739
2075;9279
7590;4206
3325;1024
7774;9202
8778;920
2632;1173
9647;2241
5760;7688
5843;8511
3069;2070
7430;79
7726;3791
5275;4913
4563;8719
8922;8877
6419;946
8074;6296
3342;9924
5097;2491
1826;8883
9930;6149
5342;3088
5494;872
9294;9429
1221;2089
3244;2003
4710;7586
737;1918
6652;7386
2403;3345
2155;1438
1138;2030
2405;1608
9110;6917
4174;7879
5091;320
1132;7311
7210;7169
131;8327
587;9247
7660;2183
1503;6056
6566;8112
9793;9982
741;8559
8945;9743
6013;6164
9038;2784
8720;4712
1104;4223
9594;2138
2732;7238
9454;4849
3851;7372
4981;9132
8452;1136
7343;7213
2770;7486
3834;2655
2912;9305
2823;2212
5251;832
5312;9014
1056;6147
2173;4984
2754;3266
4759;8795
2989;8207
7982;9322
9219;3437
9176;3576
5973;5540
3140;2358
4086;7642
3558;6565
1231;3170
3692;1934
923;8840
4728;310
7756;6435
8409;1064
5120;4893
1741;7141
7886;6499
5433;6414
6631;3556
4482;528
1841;4831
8850;190
6249;4257
4540;8002
968;7926
523;7381
6378;9215
4978;8804
1913;6072
5065;2741
9782;8921
8088;1936
6451;2439
8283;4443
2298;9537
2736;2768
4189;1288
1945;3809
7976;2238
5400;8875
7887;6587
241;3037
7624;7042
1501;8255
3606;4814
5763;5335
4248;6171
6131;5602
425;8258
5374;4373
1345;4474
5775;4801
6935;7580
8815;2479
2540;6958
5133;8294
4258;4940
5390;9474
3535;5963
5641;6496
7800;1482
6597;6586
9852;3014
4793;2923
2474;5450
5046;2324
6340;2907
7870;3183
8617;9735
2514;9761
6934;46
6165;8513
8325;147
2506;7111
5629;9585
8325;7012
4440;8187
5139;6036
2152;8410
3891;8239
6906;4620
4744;4579
8315;3493
652;9344
3730;2628
3001;4149
3510;7678
9909;3384
6260;1848
2978;2473
336;5407
6251;3007
1032;7060
1921;6915
3835;3449
948;5147
2880;7843
3147;5094
298;4172
551;4907
6566;7955
9883;2205
4136;1370
4820;9298
6637;5764
6425;6951
3784;1223
563;3981
7737;9481
4440;524
113;3395
494;8694
119;3513
4780;5513
3331;9827
8724;9514
7552;4711
7665;4192
6845;1266
6959;8634
7384;9803
6563;8066
9065;4051
8035;4798
4957;7806
3642;3122
6627;2221
5879;78
7126;3702
7140;7671
5002;2460
3485;1146
2086;2171
3489;2210
4984;1930
3038;5708
5255;2661
9569;3221
6016;1539
4757;7260
3421;9597
2926;5310
9843;9656
3572;3845
1894;4008
307;8606
466;3846
5239;8946
1875;5367
7379;831
8867;641
5988;5218
7786;4927
4960;5968
3492;5886
2309;4182
6775;4349
9629;3915
9958;722
9976;7583
5120;5909
9071;8071
5971;712
3915;8541
8775;3064
4988;234
9921;8175
3009;3193
7764;2684
8951;4762
4141;258
6448;5960
6668;2722
9028;6376
6295;7778
729;4123
5919;1622
7545;8542
4886;2392
8894;9864
1127;8246
2838;1839
7343;2107
6127;440
183;3618
335;4227
1683;7700
8288;9644
344;8265
828;7626
5209;5058
2510;6234
33;1450
6288;7726
6223;998
1443;7478
2597;1086
6066;6440
7242;2594
5254;8490
1715;5614
8842;8909
681;2559
7982;513
723;1645
8160;9481
480;5715
7351;3821
550;3639
1923;3577
5664;4087
9645;3394
3510;4429
8671;4845
4298;667
3741;8046
2664;7868
6015;9541
8817;4394
902;6145
8996;7380
9074;2523
6221;1360
9438;3622
1111;6730
9256;1796
9089;9824
5834;2400
4692;1771
6252;1005
5905;9028
6438;9930
1436;4481
8579;1799
1671;4392
6324;2990
9708;3064
532;481
2274;4104
4422;1407
1626;4416
5894;5849
8595;4651
6522;9877
3806;7736
1258;7651
8828;5332
247;8533
1499;571
4305;7566
9993;4289
8606;5442
8350;1093
4904;7124
2111;1096
1222;6672
6487;2889
9367;9475
1027;3449
4833;2123
4189;1053
728;4432
8347;7985
7181;7758
846;872
384;8688
9479;7781
873;7410
1440;2901
8961;5637
3236;1572
6334;9838
5278;701
6744;1692
9002;2211
5437;9179
6193;37
6538;8543
9913;4433
9921;9468
3958;839
4295;3235
3046;4444
1195;6394
9121;5682
5369;510
82;6385
638;1950
5992;1110
6755;4312
4433;3198
1978;145
1018;570
8145;7867
3295;1951
9871;4436
6268;250
7171;4261
5609;6147
1272;53
239;1618
6685;1926
9415;55
8702;6871
741;6940
4407;1947
4555;2614
7005;1008
7057;6571
7827;6603
9229;938
7716;5792
1120;9312
9675;1063
1357;5969
7614;5279
9937;9616
1848;2637
8233;5306
591;5981
3971;7932
8107;4519
452;768
4409;4960
8724;2984
8433;3407
8575;704
6477;4966
9238;7262
362;2942
3525;9614
5222;9772
9741;9524
5175;7358
4167;108
6172;5375
3173;595
9277;2273
8080;4741
4348;5223
7803;1250
3623;2023
3960;7762
7071;140
683;3472
6551;5464
6670;9330
3772;6107
148;8871
7857;4647
8380;7217
1923;5558
2095;565
4476;3283
1793;3550
684;369
7277;7290
615;4417
3932;6621
6363;7194
9322;1051
7696;9214
1451;322
6293;8309
5713;2089
1949;1288
967;6217
238;3645
6459;7452
18;3464
372;5816
912;2146
7670;1980
5426;6414
9610;3077
7725;3150
9783;2953
1251;1063
1899;9670
352;927
2640;2242
6866;9181
8858;8060
1232;8056
2170;2201
9092;9080
5542;9932
8591;5796
5886;4130
619;5835
3835;0
4094;2126
6925;574
1044;7924
5194;7743
1736;603
8864;5258
8380;4723
6217;2110
7052;5714
6030;6937
1381;1757
3008;6725
8277;2879
6543;5965
5546;3125
2819;5629
3528;3776
7799;4859
8142;3009
3943;2116
629;146
6647;6653
109;694
7342;5679
8680;1743
8953;7325
5178;5989
5972;4621
2957;6596
5812;1102
9090;4493
294;4362
7259;4242
6108;9907
4223;4597
951;3988
299;5105
7657;763
7514;641
2065;6073
5240;1666
1673;7423
2012;9148
1161;7319
3974;9611
7760;5028
4915;7547
4169;48
254;9600
9172;9071
7442;7285
6500;7096
8276;2837
564;2471
4394;5764
3654;5130
5805;6097
2963;7032
3760;3999
7354;3947
3465;4371
3181;8078
9204;9426
5672;1773
4272;1806
7392;3563
803;5753
8122;9128
36;4088
1122;1436
1879;4300
9212;6261
3707;7947
343;1552
2269;3703
6408;1735
9290;5933
935;916
905;7434
1005;2160
3417;7145
6213;3560
3029;1023
2877;5645
5181;7054
4760;8820
9922;3408
2579;3994
3337;2112
3295;4334
1478;9330
6777;1179
2464;7282
1792;2512
4477;2181
5494;8150
2195;7178
582;1802
1926;9215
2124;6495
6122;3964
1669;6520
1299;3552
9729;6009
9459;7678
8976;1537
2030;9869
9547;3706
7088;7153
4762;619
5132;3210
239;4301
6076;2188
1918;9702
259;2814
8803;4726
9258;143
4389;8891
8095;5390
6674;7688
9008;2614
430;9476
8401;4737
6953;1840
2783;358
5936;4755
6581;7136
1264;8575
4544;7130
7569;5945
4114;4422
7203;8005
8662;5592
7899;6981
705;9154
9864;9147
5407;970
7301;4481
8509;8789
3409;1871
9617;603
9828;1677
1277;8281
1168;630
6656;73
2779;7591
3775;3024
5243;2534
2259;9055
2203;5254
9327;6539
9085;4783
5365;2574
9048;5247
5841;9827
9031;9016
5541;5814
3205;3365
3158;1807
3276;2610
9101;3154
5149;3684
7084;2744
9245;9465
508;4594
7418;823
7951;5083
2861;5310
8187;5232
654;7689
4066;8612
5667;5090
6321;5956
1432;7496
2893;9352
8287;2439
6753;6020
1599;1349
5319;4104
1210;3815
7586;659
1365;5175
860;5057
6356;2308
7581;9420
843;2294
4160;1372
5414;8668
7964;3359
7304;423
5626;7165
3426;9607
5731;1779
7833;4399
1557;7790
8592;5886
5068;1664
9651;8400
1621;8845
1769;5253
5965;5488
2790;3977
4021;4810
1651;7755
1656;5537
2389;2658
1219;6738
4095;3466
8953;5443
301;4438
1547;903
6575;5176
8107;2055
8262;5923
4577;2833
1241;1069
1272;3349
7334;4432
589;3618
2563;4949
1190;512
863;6844
6998;7944
8023;4020
4193;4879
661;4465
7076;5727
2848;6797
4120;2884
8649;7726
8846;1790
2252;6162
6257;4685
8694;6988
4467;484
7163;5106
2901;4635
5850;8237
2994;4671
1916;5211
4640;4257
2742;4975
1841;981
4882;394
3965;883
5315;86
4811;5756
5522;962
305;7638
2676;3961
7036;8602
3821;5511
8091;2911
8255;7686
9690;2957
606;719
1950;9991
2010;2568
9815;5586
9702;1557
5624;34
5907;9791
3115;9424
5408;6966
3735;4011
7394;6505
79;6682
1285;8538
7970;1816
8109;7108
8265;1622
8705;2245
1808;9194
7527;1044
6118;4919
6162;5737
389;5641
3796;882
6159;4027
2812;6278
4611;8961
6475;6972
7898;6461
2213;6821
1078;4627
8401;7469
3337;5407
4751;304
1983;621
6415;5017
389;9578
9728;4666
1536;905
3174;3871
2088;1721
575;3650
8044;3201
4777;3758
1932;2710
9193;917
3225;9236
1419;9261
8207;606
7864;7521
2880;8116
819;6008
2648;6636
9742;5269
5513;5993
6636;7474
1295;2472
1379;1024
8001;7695
6599;8665
7879;5746
3269;9474
9916;8479
7586;5482
2603;3201
6888;4414
604;6561
7372;1056
1673;3407
9207;1080
5618;9612
5268;2840
5408;3438
8148;4570
1612;856
6396;6744
5310;6441
4970;1893
1288;2952
6802;7113
2928;9497
2052;7692
2512;323
9154;3819
5862;3699
7058;6163
8183;3083
1238;277
8784;855
6948;4231
5975;8240
1990;8659
9795;3733
7830;3501
9538;6341
2274;1098
4996;9258
9111;1041
5270;4201
157;8177
6609;6580
2937;1522
1252;6908
2883;8485
2511;4422
2388;5761
7463;4750
284;5534
7518;4634
4419;3211
8855;3237
6863;822
9285;1341
6002;8419
5410;6872
2250;4336
4167;7633
4470;4019
5769;9848
2294;6278
892;4187
5520;5268
3534;9326
5477;6307
2394;6739
4863;3688
7855;9461
1915;9088
8676;1828
1991;9844
2390;6840
4638;7432
6022;2721
7042;7793
9252;492
5407;6818
445;9929
4238;6253
7031;2147
9772;7586
5695;3240
7874;4021
4506;4889
8602;3598
8698;4667
9326;9686
4145;883
5825;8633
7758;4240
6072;8172
1982;1331
4591;4341
1396;3044
6182;9154
2996;4326
6592;6003
8163;431
4273;4883
3569;8769
1761;4929
272;4800
7388;7458
5146;4999
8082;8746
6429;9884
1789;8089
5678;5327
3733;3386
1675;931
4134;3382
7970;110
6293;3063
4630;7719
3015;6199
6520;7547
6228;7015
4958;3803
9337;1109
6958;7856
4403;4314
6428;3903
6507;7003
4683;4991
5830;524
3405;3874
3921;1869
1805;1572
4376;2501
1141;138
9717;7311
3988;5189
5679;121
2695;8016
1266;2812
1296;6735
7975;6227
7855;864
4399;2309
9645;3948
3071;8586
1902;4431
4816;8103
1969;5815
2200;136
4569;3352
7678;9647
685;6002
3968;6325
2045;9183
3852;7254
5580;5982
4132;822
7386;1907
3776;3257
3697;1018
9431;3392
7165;9315
2435;5671
348;4663
195;6222
4736;1169
1412;1886
2837;9956
8962;7495
2944;7582
6503;2433
994;7951
4829;3484
1643;3511
1859;7368
1140;6778
5758;2977
7871;3778
4141;301
2562;6864
3577;305
9031;5550
2667;7619
8114;508
8883;5770
1936;7664
4011;2944
3040;6456
5593;4756
3064;8747
2054;9351
8624;2644
7355;9326
7871;8502
6945;4402
9762;2781
555;8573
9531;9118
8954;5523
8066;4923
1142;6532
9926;6184
5703;5770
4599;2711
4997;8935
8269;1041
3733;2515
8831;2437
4076;2593
5184;8975
7900;4106
2943;1596
3052;3709
2619;169
4570;2022
3053;7098
3679;3894
2419;2838
7088;8574
1481;3787
6614;5181
8932;438
4501;2688
6654;6458
2907;7839
3488;7383
7009;8807
9749;1002
9910;7251
1103;182
4125;6454
9672;2879
8802;8669
2265;3397
4011;494
487;3551
3485;1119
5150;2351
4978;4636
7881;8058
3060;4253
6116;6992
2622;3204
3777;9403
2608;4436
8835;3826
8567;8736
697;7892
9520;8856
4906;5342
9301;5426
9967;6115
5082;8941
1312;8833
6072;971
376;2713
3555;6886
2553;9032
9336;1842
6389;608
3475;1563
7830;1472
3708;9533
7503;7857
8388;2614
6115;5999
1923;7821
2868;1789
6765;4012
4464;2328
8755;3575
7761;9596
3313;876
7423;2082
8396;6150
1013;1035
6398;5838
7887;4203
1248;2922
5002;1415
8838;3743
2245;3172
8628;976
2301;5521
1755;5971
5185;1935
6336;7511
5595;5646
3739;8178
1993;3958
594;3987
9953;9401
42;7734
8707;1324
2301;1557
9073;5449
9024;9660
2971;8282
8101;7819
9592;7846
5587;2337
953;2164
9240;7442
60;2145
3816;6792
8158;6092
1674;1680
3695;8923
3556;5842
4510;369
3420;4337
6495;2905
8151;1881
6534;1996
7617;4210
4837;8337
3078;4610
2012;4202
2282;6545
9140;3785
7686;2493
4940;421
227;8563
2714;2014
4790;4223
1157;9614
5124;6572
7378;3116
5322;8995
7485;2367
2184;4721
9965;1547
7789;6878
9744;9668
4439;7928
6302;245
4744;3058
7481;8771
8093;4024
1778;7482
1007;2264
5768;3084
2922;2648
92;4625
870;2148
6930;5466
6200;937
4288;5462
3989;6915
7538;6872
1133;8545
6679;261
2220;4992
8537;4743
3264;7038
6759;225
2097;7031
8843;8067
838;1191
8703;505
197;3016
5274;8517
7599;2238
2562;2443
1116;9790
4157;9578
8998;5615
5752;8200
274;2764
2473;8092
5280;8217
3936;3429
6286;8121
8878;5119
7437;2738
2902;6181
113;4289
7465;5531
4505;9099
5542;2676
739;3968
9610;8262
3162;5532
531;3127
9577;527
1755;1620
3133;4344
1804;3267
8353;5018
9484;575
4353;9900
438;9756
7674;2642
737;5444
4378;8873
3039;119
6024;9915
3518;3873
7018;5289
3236;385
1403;6352
5947;554
5667;5416
5379;6093
343;6944
9011;1562
7308;27
2048;4829
1520;4223
4856;2747
5668;4086
9476;948
3696;1198
5986;4091
4501;6387
7480;5662
216;8954
3203;4436
4475;4186
3005;8144
4776;5214
2662;3504
9644;376
8890;5820
5710;2624
4864;627
1964;3230
1945;4506
8501;8092
971;2089
4864;1255
6948;1564
8756;6924
4263;1502
9305;8205
5661;7731
362;8088
7114;135
8343;5778
2475;5790
6063;9363
6321;6595
8646;4048
764;6749
168;3682
2151;7789
9953;2165
6582;6689
5630;451
8945;5574
5955;4359
8769;9941
216;8128
7638;6009
2559;8799
7095;6766
8995;6860
3052;625
2031;9331
2534;6196
2873;2469
1294;1626
3983;2647
6263;7199
5399;5558
5139;5437
6676;5914
6497;3833
2568;2047
7717;1505
4635;2412
4762;2561
2858;3920
7387;5787
1030;5205
5694;2370
7204;1469
9128;806
5809;1407
6987;888
1163;824
305;6729
3073;2057
8570;2137
3978;3066
1165;345
3637;5159
2631;4098
1775;3707
2912;1383
1291;1924
8579;6752
4620;3819
8708;8065
3710;8741
9553;3762
9653;6617
5462;6325
1503;9931
9573;3445
5045;5766
6747;9596
1370;8821
2938;7230
1981;4224
9705;8582
1855;7162
9977;6226
4416;4883
1289;2930
2656;5452
5742;9104
8818;6821
1687;9221
978;9186
759;6917
8626;3442
5299;2184
915;8578
5429;3065
658;1292
2088;8552
4306;1800
2183;9025
3187;849
4689;5478
4086;4267
1997;9050
7908;3064
9104;7918
3565;9010
4357;9472
542;7954
9342;1902
7642;5680
2291;786
7276;4029
8863;3099
4418;8222
6561;3178
6787;9840
4168;2596
8189;3752
5608;8663
71;1447
8383;4308
7283;7677
376;5487
2799;2086
5210;921
2744;2612
5587;2974
7428;2826
6065;7797
6307;1102
1593;7459
4796;5512
5784;6741
8668;4725
3392;2498
7432;1774
4731;4058
1509;4587
5914;8996
9293;4395
7660;9799
9261;758
7183;3432
9170;9830
2197;7628
9083;696
3443;4835
7482;3162
2276;7200
28;9179
2873;3683
8686;9276
4387;3495
4873;4801
6964;8384
4026;6564
6998;9991
602;571
1182;7504
1858;1918
5983;5111
5999;8637
9010;8411
5262;8325
1421;3848
7341;1691
5968;5486
9184;8846
3617;8993
5662;6091
2720;3587
1822;3260
8695;8859
1574;4234
8859;4900
7486;6176
6604;942
6101;6218
1485;9877
666;7885
6911;3411
8527;3343
5164;5389
3523;1761
208;8853
4719;8476
2383;5787
1534;4484
5505;7181
1904;830
6085;5017
4524;7882
6450;7127
8378;5192
8406;458
2801;3673
1720;8222
9130;8135
2202;1659
630;4915
7459;7691
845;6261
4470;9614
1761;425
2088;9161
2268;4006
3265;4760
4254;978
6356;2614
8415;1056
2219;4360
4312;8575
3971;7484
9589;1903
9258;2422
1354;2547
680;3324
8694;2583
8618;7835
9061;8812
2125;4939
2814;2139
7767;8868
9613;1056
3352;1431
7541;8846
3331;4714
845;5131
5309;1028
5017;3733
2625;7234
8550;467
6183;6150
9181;6450
9893;8560
8661;4774
7939;5603
4189;1004
8854;2733
6525;827
908;3321
4480;1425
5667;2031
3013;6641
1767;5572
7475;9879
8895;1154
9672;2787
2777;1038
2379;2279
5594;4934
7672;3184
2616;693
1062;8937
5118;7724
7742;8110
1671;6874
9501;277
4729;5139
854;768
7137;3483
747;176
3639;1315
1856;1149
5763;1711
2916;1944
4565;7335
802;3520
4620;8217
8153;4504
4406;9007
9181;6303
2717;5165
1070;8798
8150;4641
798;5643
8836;4036
7618;6962
2591;5998
9510;6451
3427;7627
7881;9309
8992;8072
8569;7216
4917;7156
8753;6666
6258;5870
8764;7363
3291;3886
4998;8083
8751;8853
5127;8465
6281;7174
9647;6486
5329;6204
4402;3081
6032;3371
7221;7275
8720;8584
8010;7514
6589;2479
5755;7442
6834;4545
7751;7286
5051;1982
6093;5222
99;2258
3942;6609
1751;9765
9440;2831
1453;9724
8246;5638
7318;532
6643;7317
8054;9132
5902;1820
6958;2645
5177;7080
6347;3526
4584;4088
4813;4785
2310;4088
4564;6448
9619;1225
3763;4366
5431;4326
9273;7714
7794;8170
8492;2096
3013;1527
5065;1003
4466;6557
2200;9622
2187;1721
8997;1400
1220;8275
9798;9652
1402;8628
3873;3576
3780;3345
2936;479
9155;2464
6986;3768
2419;5893
4720;9321
2258;7158
3401;1203
9586;4517
4470;1389
9629;3562
5399;7158
1972;5832
5371;4094
70;8656
2168;2301
6748;2486
363;8315
5021;3315
6359;5485
4207;9425
4127;1132
9764;3658
6590;9653
1519;4715
1516;6951
9048;3528
7517;3027
4844;3694
5287;6416
5611;8143
1564;6234
9517;7751
8478;5049
2591;1448
8910;8548
542;1513
9287;5998
3280;2216
4846;8892
8109;4744
8802;3844
4215;6432
6096;9787
5373;7727
4438;8850
73;6006
205;4887
8211;1435
4429;3583
1352;6339
4592;3290
9196;6263
1218;6320
8313;7802
4379;6269
500;5627
4123;8150
7153;8646
590;4595
2962;3207
4093;3187
6902;9403
2817;7120
1045;5127
5940;3804
7996;1295
2971;3772
5915;865
5878;5316
6035;3708
9201;8641
1347;9171
4730;7004
6665;8264
1598;1308
9721;7797
9644;8917
93;9521
3771;7089
7794;8317
9689;6347
6191;4864
6910;9352
4507;9827
3156;6405
3679;8590
5429;9573
5533;7822
6942;3603
9354;7767
5794;3302
1807;7030
852;3860
5841;9868
2636;2692
1751;9494
2170;8850
8856;4753
8752;8756
9433;1697
8366;5091
7440;6006
8096;9033
3376;7015
8272;4715
3151;9192
3357;8799
3254;2279
4586;7302
6692;7064
2234;6515
4189;9752
3067;4716
2942;4246
8997;6655
890;8298
6247;3351
7875;6459
455;5589
6348;31
2040;695
3342;1799
7906;8684
2320;1245
74;5628
8192;4131
9200;9283
1330;8897
1119;4374
6701;1117
7489;2732
2404;6449
7451;6515
7806;1939
5787;1108
5283;5348
4498;7987
1092;2232
8930;6832
320;928
6640;461
8037;6286
7039;5805
3800;4044
2493;9037
9467;9049
7093;3257
914;2203
7537;2654
2718;2963
1707;7952
1094;6496
4444;4137
4470;7188
6716;2927
2964;3110
3956;9293
7725;9231
1678;3420
8600;726
1650;6963
3924;1545
9881;5161
9360;7567
8469;4464
3660;8116
6971;8677
7982;4410
5345;5304
1973;8584
9788;7788
4196;2333
4776;8619
6706;9943
9526;2948
3562;6494
4716;2215
891;8351
5809;2604
1775;9735
2611;3651
2644;6090
781;8226
9152;2285
9954;6269
8556;1222
4833;1185
2532;6375
192;9577
9032;9968
8034;2133
4314;7024
5350;5917
6588;4367
3902;6049
867;2814
9213;7816
550;230
4596;8631
5023;2927
7428;2942
4152;2953
9134;2169
9896;9231
7368;6077
2507;1208
8742;1592
3747;4715
3115;19
2419;1063
5936;3838
8112;2057
3416;9838
7519;5570
6433;6209
3944;8607
2952;7376
4701;7347
5503;1888
2963;6590
9790;5438
339;4214
2846;3265
3971;9799
4345;3555
7242;399
2616;6257
6340;585
7737;9761
5861;8376
7678;1257
5405;3416
9853;5275
5676;8857
9712;8911
6988;3815
7;1525
5287;8978
9249;1358
783;3941
5516;1400
2148;1236
2261;2114
4821;8621
6069;9176
5451;8189
2389;251
5751;8119
4221;6003
8104;482
422;7053
2154;6421
4878;380
6316;8223
5118;5793
628;6341
9112;5534
7734;8256
1986;7810
6855;5216
172;8112
1629;2361
9107;545
6391;7504
2029;5093
7094;3939
1618;5694
2402;3053
3314;8358
7743;3195
8942;8152
63;2342
1998;8799
3878;3375
1380;8911
9861;2478
8669;4410
5603;3102
5159;7566
4520;241
8750;9261
2865;2326
7542;2602
6773;962
6523;2764
893;1950
6088;129
7716;4529
6287;1159
2019;9663
8690;4218
7961;2301
8539;5620
7349;7017
3466;4509
6319;1234
1480;3911
4266;5285
118;9257
3244;3991
753;4985
8241;151
6858;4475
8756;6335
2711;8461
9925;7755
9505;2344
7072;5591
9111;3377
1009;7147
1850;4541
2680;6472
3553;3147
4807;6674
8891;8670
5069;3046
2539;6126
71;4355
7045;8444
1849;8145
6487;3694
8977;4771
7933;781
2492;3999
8560;287
2792;7513
4839;5491
7412;385
1661;2283
1180;4728
3454;5710
9611;9077
6443;5144
3620;7805
991;9741
8624;5898
5687;748
3934;5729
284;7476
8988;4147
2898;9318
1379;153
7977;7053
7956;5696
5475;2852
4285;4729
8382;9920
9686;8558
5302;9483
4733;8723
7141;4971
5636;2191
2111;677
5221;7463
1256;4903
3382;4354
7472;5676
815;4668
4626;478
8595;5777
9765;115
2759;4169
663;846
7398;1463
2970;8211
2011;1095
6102;585
8829;9882
4650;454
3692;5041
2608;6633
9644;3869
954;1196
5918;258
5276;778
6174;9500
9013;3073
8997;416
9626;5854
477;1748
9562;7651
3460;7971
1199;6324
499;8195
5161;4233
7913;675
4352;6408
6475;4597
1839;1224
173;265
9352;1416
8305;8590
4539;6974
7679;882
9381;454
1118;325
9200;9517
5646;7249
1533;1174
8753;1322
6832;7111
3937;5142
8425;9714
7395;5330
7436;4003
6136;9216
9519;1507
4084;7482
4118;8328
6798;5689
3743;1125
7316;545
255;1552
5340;9966
7533;1807
9478;9528
5053;1383
7575;1700
4878;7849
3337;8470
5364;2556
8334;2360
8487;5516
7303;5672
4098;2407
1179;2834
3667;631
6707;6172
8091;657
3673;1096
9019;3528
800;2751
784;5307
9177;2500
553;4503
7725;9264
7545;9074
8662;7714
8321;5453
2164;2569
4018;3267
8513;5852
7177;5851
2906;1865
314;8532
2783;2832
5753;3727
49;6713
6425;4359
901;7507
266;4823
4071;7529
6701;1796
4289;599
2248;5574
1488;4853
3732;6248
7873;3990
1803;8094
4342;6157
4507;9804
4966;384
501;7822
3220;1513
4187;4997
6495;5911
492;6986
6058;1881
5343;4400
8053;684
8959;9571
7435;6323
3023;2987
748;4863
9507;5928
5599;6930
8484;2670
4330;265
4584;7708
6936;2741
6956;918
3569;49
5539;6278
129;6464
7269;7881
1366;1526
9421;278
4709;257
3724;8930
4563;9631
4118;495
1250;9395
3028;2022
939;1087
5939;2705
2912;5074
1667;1816
8370;1814
6238;1658
574;176
1559;4941
9611;2611
6179;1863
6276;4260
4340;3339
8705;653
1261;3340
2201;6573
7136;5091
7470;6847
9674;3003
4919;8383
5172;4649
3057;1579
1118;4835
7122;8404
9065;6872
43;3897
5168;4526
1576;7618
7161;1803
3051;1664
791;6730
4523;2269
5765;9577
8359;2720
1123;5611
8243;6335
2607;7389
5479;9604
92;1838
5021;7244
1407;2939
2191;2852
13;1696
7234;1156
7887;1247
8991;433
1725;6475
793;6557
75;4282
1451;3354
1406;2805
1653;7498
8264;5292
1449;9961
638;7091
7635;237
2472;2267
757;3996
8841;9731
276;9586
7744;7442
2953;3936
9670;7254
3929;3749
171;2249
2155;3653
5484;3071
1857;8944
8959;9647
9520;6942
6478;9982
1525;7592
2398;8226
1017;942
3586;111
3837;6365
8103;5016
2433;6013
6760;433
3534;2884
353;6397
90;2075
2716;4560
474;2352
9898;9046
8257;3981
8762;3938
4040;7918
4077;5315
6721;941
1795;4140
5381;1045
7602;9961
4512;7544
4081;4392
4725;698
6854;7649
8237;6419
9913;1026
3488;2612
3054;3137
6017;5067
9749;7995
3404;2450
2147;8544
494;1914
936;138
7406;9129
1762;4645
6890;9107
6611;7343
9479;7108
8087;5577
4589;2118
6900;281
3217;8927
8027;8885
3222;8662
8990;872
1305;1781
4483;5324
6735;2002
5201;3143
664;4423
5107;5323
1407;6150
643;2654
468;3189
7389;1526
6302;3030
4566;5139
2773;8420
5420;9334
7136;4114
2005;7542
7982;5086
6194;9850
7019;1603
4818;7107
9869;3890
5785;2143
66;6653
3722;6672
7394;1650
8264;4258
6345;4727
5428;6861
3025;2233
2704;4866
9138;577
1472;8307
9811;1854
6116;9981
7997;7912
7855;9589
1912;5005
2683;1658
3567;1294
7077;9044
5831;9816
2131;8082
2650;289
6680;1107
2065;4134
2590;6958
4498;8421
902;364
9397;6116
5808;6633
1795;1965
4525;8960
6572;5605
5052;1837
2321;6118
547;5539
8561;5104
8561;3487
9763;8592
5758;6380
7165;1621
3896;4446
4654;3156
824;1886
8160;3172
1044;5656
8916;8177
3995;4094
9733;6246
4621;9571
9986;7702
21;3374
9412;3006
8028;284
2996;5103
8387;4976
9245;9521
4917;2281
1988;1841
7466;8586
1421;8820
5807;2226
3641;6387
3693;6566
9092;5055
217;687
9485;818
7363;9030
9597;7559
7150;3231
5071;5164
9147;6427
9835;6097
9294;2792
7096;2006
3936;2796
5992;1085
8786;7722
1927;6393
1112;5355
2375;5083
4888;2454
1534;8604
2845;8579
6549;4333
6433;177
5280;9792
4523;3451
535;1653
4383;9442
8570;3061
3905;5035
264;4449
2365;9117
1808;5000
8119;4032
8050;4159
5517;8597
5668;5225
82;504
5263;5903
516;2691
1128;3964
8464;401
4981;9634
2127;3093
5271;219
7787;8080
6794;6577
4124;861
6299;5554
7760;466
8536;7246
4944;6803
3766;1043
3458;1025
2131;9830
915;9198
2486;7408
442;4209
3307;230
2418;761
1102;906
1423;3545
7393;7544
827;9264
8790;9990
3569;9014
5922;1290
6585;8731
6077;281
8063;1913
1279;9140
1267;614
8241;7897
6003;7835
9109;6482
8974;6876
2287;3684
7258;946
714;1571
4919;9383
952;3368
1373;5225
175;2575
1551;2525
9742;1189
2122;824
3409;5300
5075;8483
5446;7039
9830;6213
8903;2883
7704;7046
7143;9659
8030;9277
2340;1244
3520;4404
3135;915
3596;3031
9855;6580
8267;7820
9824;8711
1928;4110
7134;3700
5949;5608
973;8567
1294;4699
4095;6484
7578;4314
8359;6403
2943;1083
7373;4249
9920;7532
7268;7567
6072;4450
5327;327
4589;3255
2831;9651
9270;2147
2814;1630
354;9187
5659;9131
2515;20
5440;494
3996;7915
7768;4368
6355;9028
5519;2598
7569;6368
2259;9
7346;1779
4475;7239
2427;6480
2741;337
1369;7160
8899;8756
2853;6451
960;1587
8917;3719
2;386
4657;4541
3626;5801
8960;4973
8678;4359
6578;9803
1900;1220
484;2293
913;4492
4863;6667
9530;6789
3309;3537
763;102
3850;2792
8100;792
2282;8102
625;2502
7927;2097
383;6162
1463;1544
1033;7882
2706;7393
5260;7506
7377;5440
4701;2867
5768;9520
193;7386
2965;658
2042;1529
9835;2404
9721;1891
6313;4686
7887;5152
3714;5964
962;8038
768;6204
1635;8530
8858;1253
9591;8048
5549;2545
5555;9105
1922;4784
2273;8029
8440;8216
8475;7710
6128;1417
4034;1110
4683;5148
4569;2221
6827;7754
1533;7561
8659;7831
9492;7907
9081;435
5726;6940
7465;8998
8561;762
7635;6257
9887;9808
7993;4038
4238;2610
2123;3528
1470;9047
1599;4770
2617;9272
2855;6576
8789;3323
2977;5781
1159;5584
5053;7815
5981;7732
2335;8959
2387;3558
1866;4295
2246;9171
2470;4406
783;2465
9032;8138
3829;6463
4851;8386
2600;2149
6530;2790
9719;7791
1308;1469
822;3333
5081;9480
4553;469
422;2549
9998;1236
7838;828
4688;585
239;6884
8180;1263
130;989
5931;2571
1377;8831
5681;8081
2599;4269
3887;1226
7159;2437
2890;1850
5594;6608
422;1231
9850;5554
1868;7911
5163;6864
2197;1705
4620;5636
8948;8715
3498;7295
9767;5831
5313;7888
8072;9283
9190;5160
8206;8095
8644;8926
7079;9984
5136;9857
2753;4179
5907;1615
1689;2927
4455;2503
5432;1042
3814;9248
4398;743
7269;7377
1147;7238
8552;9734
8002;9064
3687;7143
4211;5991
9662;2950
6002;6471
863;6248
8791;6089
2854;6931
4593;8207
4457;9443
9250;8125
3340;1054
3468;2452
7369;4803
8856;6113
3800;6888
5178;429
1094;3189
7839;7045
3583;9868
5260;4156
7535;8552
4268;3401
8235;7454
7854;8112
1651;5996
3734;6167
962;1955
4063;3609
7764;7016
6297;8395
136;8660
2750;7177
4903;3823
1699;1847
9425;2454
6021;6725
9009;7169
6300;1752
9674;8587
4109;1786
2384;4588
7716;7235
4124;5744
6892;6626
3204;8472
5646;7433
1063;2092
1768;7515
469;5881
9853;5856
537;7472
117;7933
2237;4519
8786;8023
4194;7378
7067;8017
7486;1779
4804;9913
9877;6923
1805;7033
4464;6275
4502;7274
5069;5416
8154;151
875;3770
5087;8321
5784;4747
7628;3331
3756;1923
311;4876
13;7223
9723;2590
9385;766
1908;9468
7317;1033
6634;6461
6092;8311
5037;8456
8682;3990
2155;2906
5303;3229
8689;3696
3224;8738
6970;4496
8685;8992
4546;7800
857;5059
5072;8135
1731;6394
262;518
2511;7469
8526;8116
6651;3882
5646;6301
2027;8753
314;3811
9899;7591
2722;5554
6293;2610
7483;5762
2217;5505
3147;4645
2763;1062
9320;6485
1514;2670
8952;2196
5933;4808
7785;4763
1464;6845
5096;1702
6882;7169
9929;4714
1150;6535
4802;3004
2483;4805
4518;3442
3615;5800
1158;7669
3391;845
7596;3530
3680;2766
943;5817
2392;8626
4208;9198
7858;1240
9180;4416
7235;6675
6016;7384
1744;7355
5372;9607
4528;8116
7028;7562
2707;5656
4906;8077
3822;156
2169;6567
8254;1534
1599;5043
3466;1826
5923;7233
2907;9429
9864;8856
2341;628
773;2111
8946;8714
7478;4793
4082;1258
7651;6087
8875;1678
2410;3062
2873;2072
3156;4158
9959;514
9715;8550
2431;7455
729;3170
3679;2731
6941;2378
2280;6751
5541;8814
5465;6904
9041;7778
7905;2942
5304;1653
2556;3181
6272;5344
3899;6702
1740;8478
331;5442
1038;5195
1697;4028
9930;7782
9975;4555
2176;6078
6009;8085
5270;641
2822;4611
7641;3975
6539;8446
264;789
9231;6577
9085;5216
4101;3378
5878;173
2343;6264
4294;1679
2737;3353
4675;8790
9580;6036
5961;8080
1925;6430
5480;75
7221;2166
7780;3914
5493;8685
1764;5652
5921;2257
1328;5078
6333;5356
8516;5714
7522;9641
9710;2716
8517;850
4799;3842
6002;4170
6464;9324
914;8295
1722;7535
7915;1314
671;4660
8925;1789
8071;8251
181;3980
1769;6486
3408;7012
8304;7246
5567;3963
47;3698
8430;8374
153;5992
8716;2446
1280;1863
1917;3349
1545;2481
8080;1466
6501;3723
5821;7169
9082;7180
1596;752
367;9687
4904;3539
2805;4944
6470;6855
4117;5860
5729;9537
4451;1679
5913;3985
1580;9650
9978;5361
8955;7019
8180;8465
9214;5480
8681;2095
1411;6840
5772;1215
3668;5661
6471;3148
4210;1869
5136;5190
2815;3947
7453;7532
1600;1202
9739;7172
8761;1828
6805;5652
1383;2002
1839;5840
3786;87
4697;763
5972;9176
830;530
2709;665
1641;1758
7551;1318
8498;7597
7639;6381
6867;5453
4545;1704
4040;3791
3598;8527
3827;9043
9140;5633
4205;8572
5996;4895
9434;5872
8070;7897
6405;9764
3417;3271
6128;199
1413;6677
5141;9470
1719;7924
8385;9119
6601;2646
4610;9659
7896;9147
7749;2298
7387;4571
2828;9347
4705;8371
3015;2691
9991;5211
5134;7770
9509;3908
4642;3910
1149;3779
7419;480
3341;4848
5007;2397
5294;3787
1931;7765
8636;3155
8608;5076
596;7535
1021;7323
6631;6507
8801;5637
6086;1049
6655;5578
7894;6903
188;5130
4588;5753
6071;4583
1974;2597
8251;5020
8697;5665
6419;3900
4628;3375
333;3374
9511;1404
3733;9382
3623;1742
4572;7342
360;4797
4097;3274
6571;5023
5879;7601
255;379
7347;2531
6792;5956
579;2913
4271;2570
6165;4792
5662;1777
3798;5478
611;9822
5916;3898
2439;4373
6209;231
6563;9522
3078;9389
5032;6515
9241;3765
8077;9943
2622;6881
7703;1715
337;1016
199;8028
7186;8744
4156;7768
2379;407
8078;4304
3397;6988
7017;6476
3877;589
773;8703
3196;2781
7161;4644
9018;4457
2601;3588
516;9505
8872;3839
9179;8604
9228;2777
6162;8768
9309;8985
15;8865
8251;7837
6245;1280
3255;8318
705;5135
6488;5456
2026;7022
6633;9742
4478;1107
8704;2171
1515;1599
4748;1127
2003;7108
5002;5245
5685;8215
3749;4586
1758;6681
6597;983
4642;7168
6285;7274
3967;94
2209;4265
1611;7281
4818;3740
7224;434
9807;5611
5086;6194
8587;7384
9382;442
905;4530
1999;8918
2686;1039
6835;763
7169;483
7248;6571
246;9245
8766;2773
1536;5212
7459;9708
1178;7216
5495;1646
8587;2747
9303;3165
3481;4084
2494;7821
1395;5877
5247;1820
5561;416
4202;7542
4573;364
2076;9198
561;2571
4215;5627
5746;701
35;3324
6169;8932
978;6133
191;3693
2958;6741
5881;5540
556;9084
5844;8658
2217;109
195;1178
601;3920
8425;5538
9857;1301
8715;4450
2116;2835
8889;4691
8758;4397
6642;7876
8111;9670
7949;4684
188;5515
1622;6563
752;2519
4875;6850
1581;4860
9442;1475
1118;717
320;7904
9909;6940
9526;9851
8147;9373
5371;4420
8490;3337
3740;7802
5890;7111
1584;5439
7587;4953
4450;2634
671;5182
9201;2012
1641;3159
337;4930
2238;8619
3292;4960
8509;1741
923;2934
5536;2583
46;4640
8537;4070
3303;4276
2179;9584
7931;9007
3830;2405
7045;2569
3230;5721
960;8767
577;8748
5749;8931
7401;6624
3775;898
9761;9155
6221;961
1250;6249
797;4338
4136;5932
8766;4209
510;4194
4143;4124
1792;4614
4551;3682
4115;9696
7556;2777
9185;5151
8528;5426
5062;2990
6071;211
8963;9218
8895;716
4675;7166
3634;5970
454;8049
6559;7905
9396;6215
3407;67
3164;7725
595;9455
1704;7406
7998;1222
6127;1317
8161;4208
9244;8683
9309;3797
8479;9813
9859;7419
8791;4215
271;7188
9083;6223
4009;3597
4137;3790
3160;4004
5573;9795
5817;9701
9506;4207
1731;5782
5670;9747
9914;8713
2597;3323
6906;7559
6107;425
7236;6143
3865;9932
8223;5067
7028;2315
9739;4493
1122;5129
5795;852
2205;5807
8896;3232
1085;3335
9984;8111
7934;7135
6490;4305
1954;3632
8537;3516
5948;8407
8639;5729
3623;4583
3388;2834
8207;6134
6567;8312
4640;8203
1879;5629
3919;5171
72;3023
7501;1230
9599;7818
1634;7499
2176;9068
6385;4380
4591;3396
1775;7735
5942;5205
3935;2738
5138;9100
7445;9816
6911;9329
6185;2943
5865;8304
3869;1743
7171;3880
7233;5355
9372;2944
9325;7816
9495;7101
7759;1836
3136;4751
2903;268
2557;2696
3998;2337
3905;9583
6963;4714
686;2912
6262;5940
4305;1157
4623;6328
4136;2605
8614;4523
8894;2944
5144;6160
8352;4306
3796;9709
9386;9549
2556;9511
3211;6847
17;6268
1271;1341
5377;781
5703;2568
8697;7637
6561;8625
7781;1694
2046;662
4765;1716
9884;4159
5060;2333
7691;6677
3626;7601
7655;5289
8740;6872
6219;733
1386;6437
2552;9498
9191;8451
574;9480
7439;2031
8019;9665
6094;80
2645;9345
1023;9406
30;7803
9611;1001
9641;1096
5846;1952
5830;8593
7609;422
8260;8280
9368;340
1892;6473
6790;3031
108;4549
5868;8866
5804;2596
8086;3204
4367;7438
4875;7382
9325;435
9152;7330
6167;8620
9073;9488
2326;1320
9333;6157
1653;3178
8280;138
9844;3708
4936;1580
3213;2936
8606;8335
6989;2462
5169;4777
860;1390
8388;3068
8908;6937
1599;5119
8222;274
5006;3166
5552;9163
6472;1754
4132;297
9172;4224
3464;5901
7759;2296
3299;1102
5816;8272
9310;882
1265;5510
2014;7974
3141;4345
2396;6000
2672;7436
7394;5340
3977;623
5876;2753
4841;2835
1123;9605
6011;1300
8894;7726
8255;6400
1173;6351
15;3855
4381;8403
4926;624
7481;9455
7658;4879
9730;8094
8640;9751
61;2152
3014;5125
84;1265
6881;1722
514;2581
4361;6947
6455;3069
2277;2521
443;8866
5379;9799
3402;9354
3947;9859
2709;1257
7338;1937
3505;5951
1566;5575
4037;1382
6391;9010
8345;8522
7526;8701
9939;1135
2564;2699
8228;6754
5033;3583
5420;6257
9547;5054
5376;9199
2495;9987
7458;2128
6887;6709
7814;7544
7048;4589
7727;1834
8690;9641
3674;1594
2575;5781
6545;9021
5424;7614
8149;8770
74;6185
1513;596
7931;3
7820;4391
720;9817
6832;6807
5252;7138
9580;1560
4466;3283
1773;8736
355;7846
3892;1906
9560;2951
9273;5753
386;2344
4592;1002
795;2490
8134;7962
521;6160
9978;4729
6875;7709
4802;1188
3047;3234
2401;5389
9726;8088
3206;4527
5748;8873
6095;8840
1113;6942
3631;3022
6218;5713
5460;6457
4423;4608
4097;481
1191;8365
8535;8203
1942;1581
231;9989
2491;4898
2882;5590
502;1014
2097;2153
3708;5830
3611;5836
841;2489
8969;3614
4197;3783
5771;997
8516;1481
5519;863
9509;9484
5829;8356
6741;1421
5402;6914
9836;2249
9475;879
3984;7781
708;854
605;5638
5465;9002
1688;6084
8255;2820
1785;1433
7745;7561
9955;8267
6217;9451
5038;7605
564;4134
1558;4295
7039;7325
300;8441
3817;7604
7117;8458
5140;4456
5900;7476
8343;8210
6807;2244
353;2361
8811;6422
3396;2898
6437;8227
614;3755
4148;5734
1022;2238
8259;1857
9836;3401
5497;4986
4568;7723
9349;592
9484;2164
198;3728
1053;705
2932;2264
4794;6793
6158;5973
9615;6795
472;7107
9134;495
9320;3994
777;1981
4910;360
2481;1810
3371;9580
3748;9283
7875;4850
2475;1851
5808;3429
1488;7205
6243;5480
9053;2435
6939;5834
5760;3804
5875;25
6108;145
953;4320
6909;2639
2898;3164
6180;3870
626;6420
5577;9399
5379;3148
6638;5849
9795;8217
6091;507
738;3029
8326;8773
181;1857
3745;7474
6760;854
167;3969
1671;7663
715;3304
6549;5746
5687;8219
7657;9031
7810;9733
279;9287
9939;9242
9543;774
1816;6589
9099;4108
7804;2387
7007;4070
628;7074
9036;4108
7151;3567
3129;3675
921;5242
5245;3213
2825;5980
5984;5584
5577;4470
9472;2090
9937;655
806;5779
592;8214
6065;4734
7447;3360
9316;3245
3695;6825
4399;9327
5502;2911
5320;2921
9398;6739
8047;306
2511;8424
8182;6724
7719;801
3577;1035
434;5543
8268;3349
6285;1034
4299;9002
9264;4195
967;9976
8052;7630
6827;7960
4169;2892
8383;1562
9373;463
812;3916
1286;7142
313;5885
5629;1896
4682;4388
626;1990
8598;4995
4160;2192
2756;2848
7082;1233
1457;6246
6712;1299
1577;2752
3006;8353
6907;8564
6142;3310
5813;8088
8336;6704
6858;2117
4587;2387
6583;9843
6751;8989
6007;2059
2846;1429
7555;306
8827;8568
2108;9503
3182;7278
6672;9626
5672;7639
6738;5388
282;8762
3856;1536
9018;9832
8146;5408
7598;6344
7531;7652
6240;7243
305;6670
8799;4681
5345;2270
1296;4463
4744;9230
6551;1882
6904;2072
5036;4632
4290;8189
3366;1741
8901;7648
888;5060
292;4506
1732;7755
5480;6260
4372;2449
7457;5187
3262;191
9179;7752
7434;266
2873;6018
9079;16
320;8027
1071;3293
8344;2516
6175;5958
5183;7000
2225;6902
7621;7239
6961;3502
5822;444
3416;1093
2641;4145
1730;7105
6876;7642
6108;1827
5372;3140
6282;9410
7222;9262
1258;4705
4363;506
9411;3770
6826;2361
3054;8522
7604;3341
7495;8845
1640;1941
4290;8739
5804;8706
5914;6580
1896;969
4385;3411
2666;620
9526;7346
1658;3269
3487;6611
1291;581
6908;8536
9968;6209
8674;6894
8291;9770
5622;5393
6447;2591
706;822
9716;3604
8203;5385
6708;3659
2304;4118
5408;1807
1106;9884
5419;7640
1454;5460
865;9648
1346;9462
7374;735
5686;470
8236;8534
8046;1590
9432;9964
5820;5936
532;6594
8623;2008
8657;9797
154;6796
5667;2448
1842;3591
4528;6959
2565;940
9421;7796
2468;8965
5562;356
511;9349
8938;7012
4724;5686
3205;5500
1387;1627
844;4396
4306;5254
8335;5383
8247;9459
601;2260
1164;9774
8240;2180
8336;3028
2197;5490
7786;2519
4417;6722
421;7939
9765;775
204;1222
4038;5141
9407;2686
5238;1146
1450;5355
449;4598
9198;9202
8645;9000
9697;1202
533;2516
7289;1525
143;3272
5799;1010
9310;6232
7064;125
5388;8911
7462;5006
4613;2467
6278;1935
8355;9339
9782;7567
7192;8556
2694;8617
8193;5040
4354;1340
4102;9824
359;8098
9227;3955
1701;5593
5722;34
2489;6934
5716;1845
4243;7591
9263;4330
9445;3523
5443;3282
9521;8279
4111;6571
2774;4708
8772;6438
5919;6074
6855;5484
8789;823
2241;7323
5601;5041
6357;6543
7668;6704
8320;1660
1895;6253
1717;8989
6551;8712
5415;5037
840;3613
8474;9911
7604;310
4734;4510
9138;7941
904;9794
4534;1226
3109;7327
3229;5601
767;6449
3527;7746
3373;4924
6708;472
5347;6747
7085;4174
6405;2868
5830;529
143;8063
1748;8003
1431;9905
5308;2857
4064;3844
3158;3819
3692;1784
9153;3348
7466;223
4467;3510
1078;8008
3756;9908
5906;3081
6539;2778
3828;2190
2963;430
4941;7486
951;6526
3896;9172
7361;9346
3841;3908
9239;8150
3094;4570
2490;9036
8552;8131
4391;257
1597;4909
3227;4881
6779;4282
3050;6879
931;9018
4056;5260
522;2880
9408;9699
8031;3838
7454;269
3932;8325
4264;3334
9472;322
5120;5453
6827;2741
5231;7217
7487;7575
9269;9349
6722;5584
6556;4117
1856;5909
3730;6116
4738;936
9541;7833
4281;1975
7058;7051
3216;6887
7033;5102
4340;1633
2397;7277
5412;3936
7970;9260
8630;8724
1322;6386
110;1806
444;5698
7191;416
1376;4342
6511;6603
4276;1648
3821;2278
9543;6410
7247;2721
6559;5338
9375;8748
6366;3423
9871;6421
6170;2062
9663;7166
7960;6162
9677;481
5703;7193
2030;6028
5619;5141
9201;1844
1817;8689
7235;631
5268;9586
2252;6673
7467;4120
5727;1765
1470;1905
2828;9732
1996;9768
9913;5629
3224;6420
1765;7491
7571;1825
6528;5624
1276;3673
6475;6897
2923;2245
5699;9183
9170;4071
1622;4198
7896;4264
5822;5328
2768;7182
1085;748
4743;5160
5826;1079
5466;5456
4062;5205
4685;6261
8959;7414
8824;3661
675;4035
681;2759
4663;7923
848;7833
4907;4737
9898;8361
7670;5829
6646;16
5241;8701
1860;2325
5900;7541
8683;7594
5853;3112
738;8902
1272;3393
6361;8494
3690;3826
2781;1749
30;8743
7155;6049
9309;3610
2340;8321
1672;1100
4029;9823
1817;2684
2473;1816
8114;1423
6355;1171
760;956
8621;677
7148;282
4069;4829
322;3891
6296;8222
6839;2022
7285;332
3680;6395
6301;7413
9928;2614
6095;9529
7865;1661
3419;8322
9864;9338
7783;9008
1985;4371
7078;8331
2555;2980
1174;8699
4158;165
4953;7592
450;5689
356;460
5013;5812
2977;4805
8040;181
2488;2922
8097;6980
7759;834
391;8426
6929;1394
58;3013
9856;215
8807;507
5415;4110
5937;657
8908;3092
220;6800
5506;8601
7434;1116
4080;2607
9422;9146
2029;4504
4498;7376
5814;5308
5716;9176
3751;1564
3079;1200
7355;4583
8118;4456
5002;4149
4419;1710
7026;9693
5689;5608
4475;6049
3702;9970
4734;5412
2104;84
5933;1848
8446;6488
8685;9834
6066;750
8044;3673
9463;1043
777;375
1662;9936
3080;4588
9757;6760
1651;520
5258;2136
6695;2443
9198;2840
8882;2333
8041;1001
3517;449
5333;2864
4281;2300
5813;8801
5774;3279
3181;8081
8779;516
127;9023
4693;9984
9363;7595
5886;5767
7373;5253
6878;7505
8422;9874
7183;1550
4918;2028
416;1079
1685;2474
5840;561
5901;5801
7920;323
1509;9416
6621;7700
6773;6702
6245;2286
6278;8118
3364;4114
4209;4237
5102;5261
3986;288
7412;7346
459;2619
9296;9638
4777;3716
2961;5102
8775;3860
1808;4600
5270;4351
7819;2685
2987;9321
7465;1935
42;601
528;6642
7845;2859
9402;773
8108;4252
7360;9652
9230;1250
3063;9511
4755;4929
5124;4203
5822;47
4952;3745
1576;7519
8291;5083
6341;5533
5868;1472
63;4452
1403;3249
8953;5944
856;9368
6607;7272
239;6085
1948;7614
584;6419
9255;4403
7717;1609
7293;4215
1391;3709
9074;4523
3014;6652
1149;9746
3721;1638
1484;7470
4872;1568
7973;8453
1172;8364
5397;7081
2575;6491
7288;7321
4889;5773
522;2885
562;6694
4739;9322
525;1737
5694;65
5167;7085
1523;8068
7501;9977
3557;9603
4452;8380
8799;7047
2778;1303
9479;3013
4614;9983
6187;9091
3893;2529
5029;8592
8940;7126
5943;4254
8457;1845
8885;8590
7787;2304
6929;6758
9861;1942
506;9215
570;3533
4961;4166
1409;4672
4438;7901
3222;4486
8654;4454
3605;3538
5595;4722
7117;4035
2350;9147
1826;2803
8365;7409
7917;5246
245;3170
4095;4500
4900;1839
5336;6355
8304;4598
1194;7141
438;2449
7282;8776
3076;9950
3842;2405
6007;9459
4369;9679
9000;3207
4148;8610
1364;2344
3258;9160
8316;9199
1095;2230
3522;1439
9822;4571
169;4549
2246;1282
8711;2126
5598;7021
8021;1821
6439;6837
8136;8487
3505;7605
6958;5036
4654;1471
368;5856
1315;3394
5013;7233
8819;5931
5737;4169
3834;5723
5079;3222
748;7806
556;6547
7292;5823
6550;3210
5966;8499
1557;9998
1897;5325
8249;5453
9626;7282
3363;7685
1053;1687
6786;8597
4252;3723
4361;4637
8189;1080
6917;6881
1540;2285
8831;1357
4707;3756
3019;3861
2940;5369
5671;2202
5003;9470
3284;2815
6236;3600
6577;7979
7045;2962
725;4501
7869;4653
9032;4659
9491;2055
7607;5431
3211;4385
1948;2619
8809;3411
2389;2312
9535;6588
4319;3336
2390;3467
797;838
8884;130
9728;2934
6122;4612
5115;9488
597;4797
2077;4521
7405;9127
8300;1485
5682;9591
368;3696
7082;5935
2032;595
7796;9816
2906;4175
6264;7697
275;8925
8037;1697
3767;2927
6522;8297
2489;7379
3281;5862
6882;6739
4432;3249
3052;1937
298;3439
5590;4635
3932;8073
6034;1434
357;1085
8017;3044
2492;2167
6888;4983
1563;3728
1120;3149
9545;8232
5190;9722
8643;6293
8761;2321
8186;9770
5006;2037
2413;8240
1654;4055
3588;1706
2008;7939
3646;7154
9539;3320
4129;1670
8923;747
8574;227
8435;6741
3699;1977
3425;6740
5747;4875
8327;9521
6171;4846
5074;1961
6479;2313
9126;3530
5501;5896
396;5807
3602;359
5274;3452
7443;3456
7714;9600
5759;4260
1823;430
1351;3730
5823;777
6960;6834
7356;5105
3050;4362
3119;5883
3634;1713
1600;4473
2243;1426
6275;8016
3889;5968
8068;9462
440;7396
73;6901
6226;925
4604;2662
7880;117
2489;2246
7419;2445
7163;8107
427;5341
1638;3549
1789;4455
4684;7521
9910;7839
3668;2024
6605;2036
5421;9959
3890;8648
3224;2802
839;2840
7554;4239
3325;8485
563;8074
6990;8132
9465;6090
9120;9868
1940;4348
8217;7249
7503;4423
1023;2980
2348;9466
5499;1759
1610;3651
4852;2823
2235;7570
2052;8112
1642;1450
6536;7688
2277;2653
4732;73
9755;3904
3936;1497
2831;3883
4643;4723
6687;2420
9924;5039
7143;8353
1682;8324
2310;9348
2699;3652
9944;9416
253;823
3282;1709
1825;1386
5510;1285
5861;303
3168;4950
946;4176
1794;3049
4825;1155
2866;1131
680;7089
9746;7764
1840;2264
1709;8478
7645;3151
9400;4807
2598;4003
2071;1690
8114;3826
6843;6130
1209;5319
2851;4935
7262;3656
8671;9596
4649;4699
9667;1941
7484;4128
3020;5049
8945;1314
2130;94
1769;4287
8784;1297
4347;5113
1037;7957
590;8143
7122;4651
9195;7180
832;8135
3310;1412
1846;2209
4714;4117
5204;9883
7553;2623
7804;5525
5473;2761
6150;8384
2539;6144
8850;2846
2709;4022
9381;107
4851;7144
9507;566
277;7116
1391;6153
7609;1053
6922;7079
5420;8002
6075;8022
6528;2546
2220;4671
9110;8301
1217;2682
8841;1590
2851;7640
3173;3483
7721;6396
3558;6603
34;7290
3925;1626
6926;9181
4043;7247
7910;6970
4555;6514
3857;4340
6378;1918
3482;2825
972;1388
6771;9975
9502;7442
8972;8418
8348;2115
5839;1880
5586;1047
671;3885
8077;1084
6323;9754
1637;7128
904;2798
7384;5601
4097;1126
5797;3849
2199;2386
6313;7092
3864;9916
4315;7132
5262;5290
9303;9880
2923;9048
7673;2056
4869;3509
1105;843
5828;9019
6835;4216
266;7700
9238;3733
7808;6852
3105;6080
9183;7506
7737;4451
7277;2332
7567;5873
7067;1063
9402;6062
309;954
8572;9043
5629;4359
6278;4838
2413;5486
8271;4836
7307;3607
600;1126
5463;564
1651;3025
4758;6290
918;1322
139;7233
4061;8327
6960;9059
644;9743
6730;6857
5700;2554
6048;3122
8724;1689
9645;6294
4048;7027
1468;314
4693;1475
3489;8765
7707;308
561;5493
2805;1738
1049;7324
7642;8769
7170;3442
2498;2787
6057;351
4290;54
2383;920
4892;3305
6059;966
1514;1964
4004;7057
7568;6180
3261;4799
878;1807
3856;7716
2337;5760
3692;3013
2227;3751
4519;2034
3245;5312
7542;1
9040;4220
9603;1758
4518;5987
6021;7672
9532;7872
4160;6579
695;1075
2597;739
6993;9197
4335;1105
3661;1832
8961;9923
5323;7274
7851;1646
3813;3674
8566;2481
8262;3732
9450;3472
5082;4033
3102;1988
3262;6441
7861;1710
6044;5656
9751;1767
3511;3984
3426;1547
1836;1630
9573;8897
4059;8448
7964;5892
4115;942
9880;8204
536;6563
992;1174
8779;5841
5947;8155
1431;1743
8886;4432
3681;4810
9907;3061
7420;2055
6101;7368
1054;7423
7190;8513
3707;1660
41;5516
1889;9878
3351;9461
3858;5770
3681;3202
1976;2509
6642;2840
6113;1649
2554;7455
1850;3044
4175;9181
5638;713
5182;6530
5348;1918
2039;92
8709;9243
8580;1212
4032;8415
2204;1050
7292;7786
2910;9567
7176;8943
1581;1394
5001;1744
1904;8288
9562;1211
1082;5951
7911;8218
8147;6326
1808;620
5029;5207
6204;6638
4832;8949
443;7638
3768;3419
5118;3212
8068;2898
7481;7462
4844;6613
6183;1740
6376;5813
1687;5745
570;4848
2215;5831
6437;5584
6290;6683
2371;5691
2048;60
6724;7788
358;2256
4721;8294
3483;104
3100;1890
3557;3893
4055;9998
5419;4399
2996;9356
6535;379
487;9881
2657;2355
7263;9356
1633;8265
2698;6152
9348;6669
1298;212
1184;3588
8829;6815
9555;9769
9560;7254
3094;6185
8758;5515
5915;6943
54;258
5949;385
5583;6982
9876;1173
7911;6121
8370;8378
6683;8979
9479;7229
9638;4941
9847;5038
7198;173
3167;5052
2168;160
2771;5505
1286;5853
599;4972
3287;5949
7892;9294
9002;5886
3941;9790
2552;7479
7940;7244
9159;1851
5614;1280
4305;2257
6620;73
1011;2745
973;1130
6872;3188
2716;9844
126;1184
6895;8880
4559;6521
1534;8129
6279;4516
9752;1876
1545;350
8404;7151
3737;7750
8749;4800
9264;1829
1465;2702
6778;7724
3096;8801
1395;3774
3472;121
5794;426
4000;2772
3048;3799
4840;7131
1832;5872
4941;1805
3246;1671
2653;9801
9927;7468
6226;373
2321;3031
2872;455
4074;5261
2279;276
8302;154
5461;8788
9198;4999
2660;5879
8920;2912
4658;9988
7957;7412
274;1697
8315;5593
9126;6167
2754;4618
2762;9856
51;7766
9195;9864
5789;3092
5534;7468
548;9819
940;927
2512;5087
7444;6472
9517;6367
9307;567
6323;2936
2549;959
6519;3179
5019;8847
4882;3143
3971;9541
5232;5789
2490;4434
869;9678
8295;2788
9540;452
8473;7864
2541;8395
1517;8284
8034;622
3665;2136
1963;6976
9997;8326
6043;4600
2000;6916
1229;7328
2391;7826
6775;2528
4853;5131
9559;9841
1064;2430
5693;3385
9886;3262
6596;1412
3922;9417
4706;5156
6757;9100
9772;1673
181;6400
5294;3832
4422;3278
6086;4307
6011;5377
2154;9407
7260;3354
1151;2892
8567;2166
1483;9541
9736;1731
856;3171
9349;3768
483;4044
1842;1222
3498;6170
400;8695
7209;5855
35;4525
2739;9073
9293;7796
2343;6668
902;6414
4224;3272
1401;5634
7008;7880
7269;9930
1242;1504
413;4937
3217;27
9002;358
7240;8490
587;9174
6061;6351
3199;3284
5586;1990
6699;788
9243;8694
1023;5517
9393;3685
184;5135
8044;6353
887;170
6785;1807
2431;2648
6341;1083
230;9681
9437;9925
8709;4292
6766;3897
597;3074
4759;8800
8717;7824
5614;1829
3260;6236
4547;731
2208;4915
6598;5340
5108;6516
5494;8298
693;1662
51;9505
7016;5411
9367;1918
8669;7539
6688;4665
9446;5659
3237;3136
385;309
7510;4704
2480;1497
2599;3044
587;6963
3969;3605
28;3395
2728;7775
241;3195
4990;3466
437;1046
6136;5452
704;6475
9949;9623
8216;904
6474;1528
2319;249
9205;1056
4117;7050
1726;1924
5907;9301
6301;6740
3291;6695
2061;5879
8145;8833
8426;1097
3745;4086
179;2928
4289;2279
4232;4223
9836;9121
4509;916
4234;5413
631;5052
8011;9452
8115;4472
379;6771
2645;8112
4540;7371
8655;5851
8275;6947
2934;7057
7452;5265
7247;2556
3533;1784
91;609
7409;5933
6591;8657
975;7005
7305;9109
4746;6546
1207;9227
4489;4331
5508;2312
2393;7546
5127;9793
8579;1613
7582;1603
6921;277
4906;5237
5084;2018
2753;2305
2428;9618
8298;5039
1037;9825
2764;4220
4485;435
1441;4298
6144;2844
3917;1098
3894;9120
9916;2428
856;4022
1606;2168
2454;4006
1529;3947
8525;7249
6431;1418
5483;968
1152;8285
7594;4936
3492;2774
8312;2968
497;8002
2328;7368
8969;1850
6484;4866
8160;7359
3036;6401
599;7427
1876;7257
7792;5626
9276;8525
1126;8333
9480;5641
4743;2066
2022;4833
6356;3876
2070;3710
4044;1994
3251;7947
1896;8508
2462;2040
5056;5828
3949;8429
5186;3874
5627;5978
664;5556
3999;5711
1934;3912
5351;9015
1345;5513
9927;1105
8538;1176
2693;426
6978;6906
8997;2906
4611;5029
5945;8479
1734;7979
607;6148
2210;4891
4349;2995
9906;4251
8489;2035
854;4190
266;3541
3037;5721
9668;4603
9961;3183
7050;2058
1173;480
8676;4635
2775;1325
2334;1211
3625;6615
7973;3384
8410;2323
8972;2237
7064;6840
8082;1127
1094;7569
8347;8595
1319;2765
3384;8107
8227;6094
3281;4205
5718;8205
2075;7888
1346;1716
277;7552
1331;3457
1242;5661
6608;548
3306;5464
6959;4953
554;6558
3879;4523
3881;2836
9236;7205
518;1490
6045;9112
4635;7098
9668;6446
3806;566
2640;5875
6128;8713
3992;7906
613;6617
4384;3049
9122;1500
1688;1104
1519;3885
7754;9789
7033;9054
5993;97
3842;9385
1166;2270
5806;6081
7282;8087
9961;7015
6886;2279
915;5904
5160;8304
8565;6923
5264;1491
3746;7955
7113;5576
2330;5189
396;7066
2059;1528
4077;5506
7988;1350
8809;6753
1773;4591
5773;658
7258;3812
5283;4149
9800;8935
1161;5688
9632;5692
2397;7286
147;5459
1855;5807
483;6118
2915;6213
8017;5877
8873;5509
463;4536
6598;7722
9139;9634
5548;6975
4691;8061
5555;7903
4043;7322
1969;57
2682;4403
4739;5671
9520;4389
8792;8274
2512;5427
6666;2944
1984;1413
786;7714
5185;8853
1990;9633
9965;9761
2953;8271
7685;8177
12;4105
5462;3889
4574;9125
5686;3312
5732;2278
6376;4094
9050;2877
9392;7016
2550;1029
4763;5998
9860;5260
8500;4632
2212;4061
8112;5555
5517;9836
4743;7184
6102;904
3401;872
8854;9586
2998;369
4491;2205
6135;4630
8499;9825
4441;4479
2826;6988
9101;3393
2895;9335
7715;2796
6684;22
8075;2600
9698;9145
6597;8502
9470;9989
4189;8523
5936;873
5132;2635
9480;1593
5204;983
6746;9021
3718;8136
5415;7290
401;3116
3066;4178
2116;7523
1959;6796
6324;6966
1125;6499
7857;4240
9513;5034
3104;6211
9074;1412
1030;198
4695;1691
3574;9800
8627;1946
8924;4580
705;8050
9932;2792
2048;4597
6498;1415
9150;9249
5142;3184
7344;8154
1164;5984
7439;2644
8835;6030
7015;7391
2845;2588
8350;5436
9903;8616
8207;6042
2802;8717
862;7226
544;3006
4625;5972
7191;3159
3862;5653
8960;4727
3059;1962
3841;8092
6821;5803
448;8899
9866;4014
3214;7692
4051;6520
9106;7586
5269;1602
7038;8303
1633;9314
4884;4662
5820;6770
580;7697
8627;8013
3197;6986
7881;5499
7037;3483
6658;9822
6845;3167
7465;9259
5030;3175
4485;962
2441;3708
4309;1148
2663;991
6654;2551
6100;8830
505;3549
4137;8893
7831;4884
5598;2751
6566;6708
7387;1927
6925;785
8728;5714
251;144
3723;389
7597;1185
98;7556
6032;1321
2950;3868
4256;8607
1065;9104
5527;8474
9943;4695
5147;6698
70;188
1765;7024
1154;838
6635;6497
3065;5560
2631;1482
2031;794
5273;2584
6287;2508
1345;7264
8816;5498
6772;4783
6081;6452
4322;9321
713;4803
3471;3581
3023;3316
9265;7017
885;8565
4395;9933
49;9962
8852;7142
7278;4874
4521;2601
6826;6472
7852;9506
6724;461
2345;8711
5096;6573
4037;1992
8321;835
7346;5681
2205;4991
5734;4522
4557;181
1459;5180
2560;3023
1366;3809
1147;3549
1157;2293
9229;6117
8845;3347
9079;6395
9233;5550
417;9748
5150;5521
4831;8996
7900;5987
8042;2377
8964;5277
7231;5774
7289;5891
8133;6791
1705;7244
1957;2094
5978;409
5292;3601
4802;745
7135;3540
2616;7682
5922;3195
3585;9585
6012;5236
274;5651
7473;4931
617;6054
5200;1243
7610;6226
3419;4866
3842;1043
9441;6557
3452;9962
6184;5798
7380;4698
6388;6772
3901;6909
2771;5921
5336;4514
7375;2927
3557;1811
293;4878
1468;298
2643;1582
4966;4306
1142;8502
70;7898
2015;2670
2895;7296
32;6028
5908;6129
4484;152
2533;9152
7625;6077
3582;3802
2688;3017
3213;7913
7985;191
9149;6258
768;6675
1776;8153
9573;5210
9362;3354
6559;7270
2155;3666
2010;8286
6383;3273
1611;3962
297;1650
3349;812
8312;9111
5010;6707
6018;6537
5061;68
8394;7625
9472;9586
5894;4142
4482;9864
8246;2073
688;2209
3791;9303
6930;3969
2960;3559
3407;4245
8127;2652
2237;8623
8434;7791
210;610
7486;4710
2901;2912
3782;6662
1483;7352
8662;7948
3607;8299
4173;6590
7534;777
3756;9991
4323;1104
1954;7997
6356;4852
5413;3618
1713;4212
6406;2879
2996;4419
1805;1740
6088;6808
4982;9847
9015;4270
5468;7992
3617;3422
1382;8575
3012;6615
2582;6137
6032;6081
8326;8061
5690;1978
1807;3917
2553;5840
5347;5617
5439;1075
4269;9527
1247;2504
4496;5998
2919;7693
8804;1387
9570;3811
9278;2592
5605;5127
9055;4345
6301;7875
4680;5075
5788;1203
1527;8019
9592;5177
8658;456
7999;9428
6203;5396
8384;8887
7907;6915
4329;6315
3819;2388
6884;4817
3290;2358
8631;7403
6401;1487
4357;4779
2760;2097
3080;7035
170;5201
4942;9658
2143;2569
3050;9410
2405;7410
4723;964
6617;511
8816;968
6381;3338
5791;2172
8249;9505
5027;6631
969;1275
9505;3632
7440;8306
1441;4951
4012;1734
3699;7337
8627;7861
905;9694
1068;2198
1044;336
3096;6449
3039;7909
3627;8116
8305;8089
4255;4838
4614;7014
3407;3334
8710;1546
3221;5882
98;5938
1818;5591
2161;4239
5074;5476
8343;7866
6217;5274
521;8183
8623;4276
3891;4614
7027;8084
7686;9869
5042;2092
3882;5184
2349;4775
6687;134
3223;9395
4026;3531
9150;3633
8538;4212
2209;2810
9631;3086
2641;3862
58;736
3534;4055
155;8065
7935;531
398;999
8852;4200
8262;4122
594;4264
8492;2242
681;7688
6852;3359
5168;1317
6167;1286
6632;3018
55;1257
3320;2216
4132;7261
9961;9506
6651;5545
5647;9626
577;4761
1803;2044
6897;9570
3789;8600
4604;1175
2938;8264
6251;5182
1943;4885
9221;4521
5445;5025
1940;2691
9362;9446
1124;534
7081;3634
884;7928
7959;9862
6990;332
3756;5719
9925;8951
1610;1781
8518;2425
7939;4167
1849;7434
6262;6067
928;5363
3363;6037
3177;2274
2431;9833
2162;9820
8857;6869
2203;5467
4222;2004
2500;1392
6687;8293
8249;2781
1444;6581
6829;7900
3227;3369
5625;4262
3930;9274
4278;7497
2337;6549
8250;2131
9681;5660
2457;6353
4283;7697
3440;6091
902;1533
6030;7220
5554;2066
5815;8586
4567;8618
1824;2654
7434;655
4807;5070
6584;1297
5238;9202
3676;7854
1759;6797
1185;2526
5143;1314
129;5797
5070;6188
9632;9601
7020;6304
1667;7327
4384;7322
4834;2933
6566;4114
4277;2006
7277;6559
993;3507
8468;8200
2660;2056
4449;874
9871;7177
7609;6309
6185;7675
1857;3906
7769;6469
2400;2444
8558;3621
812;2285
9851;3052
2483;3809
9054;1487
9469;7266
870;6546
5529;9016
5663;4576
1730;9207
3947;7819
345;6345
3002;4800
2005;4933
1457;7462
6042;3350
348;3501
6823;531
4664;2571
9459;1598
7634;629
6767;4608
1175;7530
5597;2827
9771;9166
4707;9543
1839;6949
8274;5316
2142;4235
8805;797
1175;1412
731;1754
2619;8791
1284;6792
7936;9215
8416;2399
7955;313
6413;4419
4922;9744
8680;9816
4903;5414
3704;7700
9621;6669
4592;3972
8917;1778
4795;9652
9799;1605
2623;9005
5780;9348
4982;9888
633;1421
6408;5419
4014;5159
2897;2996
2489;4840
1325;4026
8426;8756
4289;5233
943;6516
7105;406
7635;7590
8399;9572
3158;9232
8211;1178
938;4316
7897;1649
7201;7405
4205;5877
2367;406
5867;1638
3419;7532
4836;715
2280;2989
5799;9599
9468;3777
7069;3026
9344;4335
3084;4340
3089;9332
3786;7678
8267;5893
8980;8326
9249;6734
6380;9241
1117;1299
524;3684
732;2797
5982;6208
2590;5274
2366;6822
3799;6319
525;6037
2077;7811
9010;1738
2995;9242
7401;2337
7877;5584
8426;4511
1733;4401
3903;7951
1411;4975
522;4058
7729;5567
214;250
1793;3652
6443;6664
4914;7905
2140;7421
3596;88
7178;4341
5902;9542
3333;7027
3183;2965
2451;9547
1636;7396
9221;645
1436;4845
3372;1308
7299;2934
7376;861
3250;7049
4829;284
6096;6018
1540;9409
6635;5141
6083;2808
5013;7505
9046;7754
6775;6943
567;6453
9150;3776
3852;3895
2909;7481
8340;2150
3725;8840
9919;1688
8371;7790
7192;409
5364;2183
2155;1467
6643;6985
862;1669
6768;3043
4655;3270
8785;9513
5358;3331
1354;4242
8470;6431
75;1999
6848;8504
6991;1276
3613;1860
6229;6605
7099;3998
408;4794
2550;5771
2032;308
4945;7619
6399;7153
4887;6169
7758;2017
4753;7289
8404;6207
5491;5868
1198;1945
5372;7038
9591;1983
758;8340
5682;143
5539;7410
6016;4427
267;5185
6919;3610
4208;312
5986;2867
3547;6498
4021;3910
6805;852
2206;369
4168;7938
2557;9681
848;1210
5832;8645
5901;781
9994;975
6945;4067
4009;1671
8163;3740
6369;4835
3620;5643
5015;8696
476;7852
5552;4013
6964;881
7603;9787
8170;8218
4940;3265
8567;5806
3643;9588
4046;8876
3949;113
7726;4622
5671;7445
3244;9613
4141;9504
6394;1551
3434;4580
1019;5986
6348;4276
7852;9987
6053;1448
5676;6355
2638;5842
2578;3985
8881;977
1369;2215
3474;2011
7289;9624
6681;5825
8008;608
2931;1354
5639;6298
7211;334
7985;9913
7297;6036
1540;450
1814;342
1961;2800
4938;7524
8586;6814
2135;6513
8428;2635
7759;2080
1562;4686
4546;9358
4278;2127
7116;5470
8510;9269
6386;6595
6109;5508
9542;8781
4323;631
624;6034
4483;8031
119;9776
9357;5317
8040;9633
5877;9076
3871;6696
9025;8149
8531;6895
9545;7658
8000;3920
2856;4260
5635;8271
9019;1616
356;1404
3993;3892
882;1738
472;4287
1946;2304
2613;5009
7074;8202
2681;4936
3878;5711
9229;1248
2090;3904
5802;1745
1557;3891
6373;5267
7319;486
8695;8648
1508;5965
9620;10
7331;5885
7020;9791
8662;2435
1437;2940
9872;1714
6827;7919
4468;7461
3827;779
7799;5298
882;5475
8674;8321
8254;4779
7047;7028
7434;9692
132;3954
3821;9090
7240;6198
3662;5482
4483;7003
7170;7238
4031;988
8537;2395
9064;6276
96;4265
4789;754
2299;4447
7895;9039
3340;4570
1730;1297
2310;4112
2097;5046
7539;7989
9083;6266
7473;4245
3596;6736
4813;9145
3412;368
5979;4248
2449;2492
6965;7621
8675;2540
3582;9260
669;2392
8768;8989
134;9753
2140;3652
7877;8363
7318;9224
3724;4613
648;2633
6645;3139
927;7561
9955;2415
3486;8233
7878;4957
3536;5322
3987;5829
3117;8482
9089;7389
3123;748
5945;7860
6948;1041
917;6234
5078;2391
8094;6270
594;5103
9734;7880
4034;6088
7978;5109
2260;7830
6704;6045
115;3066
9107;1530
5479;4139
6141;6327
8087;9220
3317;8536
9924;1097
8506;454
389;8084
1379;6851
2520;740
5915;4671
7516;2563
987;1544
3595;7594
495;9163
1732;2944
3694;1603
5279;9684
8443;7932
2593;1222
4935;3101
1887;4325
5143;1043
5251;4305
3698;9122
4517;2487
9185;3659
5018;1109
983;2125
4580;8010
5649;8761
4172;1100
8619;6889
3490;481
1494;2990
9472;4312
2567;4721
8252;3031
8409;7509
1362;5385
7282;2075
5155;8873
980;8305
8344;6667
267;9267
6319;2850
520;2842
2495;7905
8398;7425
6297;6781
7414;2485
4604;2577
125;4358
8490;9913
7332;2604
9901;3398
161;2500
3565;8243
9167;4772
7862;2043
5750;4591
4640;9020
5032;7972
2064;616
6119;5269
6426;9204
5192;8231
8569;4927
9217;9216
8090;9176
3263;8586
3798;2078
2343;9054
2029;5484
9541;3810
5401;7445
5754;8622
3310;8920
2799;6792
2072;8547
879;9824
6987;6713
3426;6007
796;5880
7209;3690
3026;127
3237;5978
2513;3233
4494;8840
1068;1254
9817;5137
9656;2527
9324;2985
9748;5292
5747;8021
1563;729
7711;5657
7807;7094
5573;1195
6217;8861
7777;2810
6713;3284
5848;4827
9308;5663
9125;6472
7028;3714
6125;4329
4081;931
8031;5103
3236;8579
1230;8975
7962;6084
21;2826
4275;9938
7685;6910
4413;1986
3963;8192
9479;8974
9615;8466
1025;6574
4267;5654
2170;2753
2005;2202
7297;7322
282;5396
5633;6773
1651;570
8097;6084
4512;9696
8673;2113
8662;4638
1266;6357
3739;6482
517;8445
3854;9772
361;5498
9657;3246
7259;6714
9899;6695
5987;6936
8124;6973
4587;7772
6579;4832
1726;9922
8625;8266
4017;5748
2989;7369
3112;6853
8054;306
2360;7460
2043;9926
641;704
5418;5840
6649;1631
5147;7258
298;7616
6550;7838
9251;4233
7371;4911
7564;2175
461;1989
395;8711
5982;5235
3386;5419
1399;1714
7832;2406
7696;9673
3099;8118
3240;8832
5869;2950
2481;1736
1745;4357
5309;5577
8492;926
4288;7588
1803;2969
1221;6098
3805;7584
1538;3640
1779;6857
4856;8132
9521;8898
2729;3081
6645;2736
66;7994
1720;9759
5018;5753
3604;6343
3210;4564
1605;4585
6118;8284
9143;650
132;421
7491;3144
2368;3897
5881;7120
1662;804
1735;2880
8329;3802
150;2542
4266;3545
4850;1519
5755;4596
3819;6492
4930;5653
1528;6263
2292;8573
6316;6945
1881;4711
5784;8342
2752;6365
5338;4100
5260;5745
4968;4228
8325;3833
7212;4924
4327;6724
4855;7290
1563;7602
399;3492
318;8377
553;6187
7503;6186
8109;4631
6547;6464
437;8780
3777;6081
8499;919
9859;7181
2862;2857
5057;4770
3438;5588
27;8864
7857;7462
9680;5042
9321;6350
6205;5647
8537;1111
8827;7528
5893;7698
2031;1240
9463;5691
1082;893
1566;1724
3489;3503
1671;7321
7741;1577
6218;9977
6124;2962
6595;7979
6708;7503
4928;1423
710;944
3619;4166
5342;2682
8644;4020
8989;5490
8476;1416
5104;2101
248;9972
3558;5711
2221;5920
3346;8835
6998;7185
8530;7751
3015;7074
104;7778
2828;1967
45;8023
5432;7219
246;2923
6472;515
8262;1875
4526;7383
3819;7586
3906;9227
4909;8362
4378;299
9954;9511
6058;6373
2998;4276
3357;4491
2177;5246
5298;174
7822;3106
813;5721
5477;722
6647;816
812;7089
2437;4588
7991;7447
2207;6445
376;3016
4005;1556
2638;6214
9787;5686
6304;4960
5739;3219
6578;2758
9185;1716
6862;9579
2018;6066
8832;2263
2119;5434
147;2180
3647;6567
8910;2134
4275;7770
3841;4187
2428;8843
1823;4952
457;3667
9925;5182
251;3716
7301;6025
6302;2780
3498;5191
7435;5440
3584;2449
2550;4425
7259;5376
7544;4884
8642;3088
338;6823
5791;7785
8401;469
4163;1398
8498;3177
6222;7348
1539;641
168;5499
6330;9618
4384;1754
4797;4177
605;2409
7835;2557
8049;7402
5302;7100
2769;5868
5882;5493
1374;2067
2564;7505
5902;9645
7277;7808
7124;7459
3893;2081
6832;757
2220;580
5801;7331
6892;613
2984;9514
4130;6973
3266;9306
6225;7259
5635;5793
8300;7229
956;1083
4409;9889
8751;3465
370;798
5305;4191
8837;1279
1265;7390
8094;659
5466;945
9782;8435
3143;9881
2375;7363
934;2781
6580;8860
8089;6071
6039;2828
3178;624
1742;5025
8250;75
1337;6449
7870;460
5215;862
8755;6385
9642;8532
6832;9768
3510;6542
2460;3388
9321;8621
1285;2986
933;342
7733;8438
258;8731
512;6668
2647;8891
4644;6390
6002;4044
2536;7497
1779;9574
7400;6010
7025;6100
5902;8820
5315;1391
3386;1179
1055;6021
4187;3869
5995;3058
1659;6291
8970;7809
7318;6329
9948;9639
6246;7785
7222;4260
6311;1422
2278;1497
2100;6200
274;528
534;3169
5345;1856
4065;5675
9026;2873
9085;5988
6951;1755
1699;322
3700;2657
399;1301
8170;3702
5310;9357
2167;8088
6678;2314
3045;7787
1055;5437
7191;8787
2242;2626
4871;6578
5454;3088
8568;699
7421;6835
6302;7553
2168;6654
8628;1384
2062;3810
3007;4394
6399;9682
2093;8243
5275;5784
3086;898
4756;144
3751;4699
511;8942
6997;3820
939;8424
9928;1892
7575;3659
5206;3421
107;7477
2246;5906
5669;5057
3279;3015
7255;7076
4621;3086
4078;7046
6665;1311
7478;6560
6999;8469
9598;5505
9877;3823
8458;2997
1793;4883
2290;8785
7308;2160
8026;4178
1505;2733
3697;6170
5398;2458
2165;8354
8507;3038
4084;7492
8396;6763
1280;5131
453;8736
7839;9541
2424;3654
5117;4439
7308;1810
8610;7438
5085;6878
9153;2982
8464;6262
8296;1644
332;3304
7834;90
920;9494
6489;3764
828;3978
2493;7393
2003;7106
9459;6807
2524;4563
4312;9208
2611;8681
304;8067
8681;3968
5172;3081
9445;4572
4342;5295
3066;2436
1753;2379
7220;6243
6370;9322
4534;2890
716;5356
4314;5198
8876;8788
7750;1837
5344;7598
7851;8043
2804;5164
7245;8591
6472;7274
6679;7707
4995;8706
4563;4133
3066;5092
3228;3379
8872;8520
698;3378
312;3388
7721;4183
7507;2398
8574;7152
5545;1249
717;4144
636;4590
2768;2648
4887;5098
2458;8474
9757;2171
6232;3680
5943;6641
7;3722
7883;3180
6205;4490
4401;2604
5636;6825
3077;2176
4080;3426
4889;3158
2462;603
7348;1392
6424;5265
8944;8464
5786;5731
5027;8145
6886;3469
5445;5235
1132;1731
7219;1659
1224;6170
1351;7746
2443;2023
1424;4980
178;2176
3116;187
6430;573
7943;132
7404;5767
1606;9791
1529;177
7160;7190
2208;1602
5896;2641
2470;4919
4306;425
9304;3495
3779;6569
3902;1850
807;7188
315;3366
9352;8073
9078;9408
3814;7703
4257;9158
514;2643
2066;2645
8018;6426
6714;2997
1751;444
4454;7775
6358;8129
9954;3392
39;1729
47;1098
8709;4395
8689;7766
4224;8939
3507;9832
170;8656
8725;4101
733;4863
1435;4894
3035;470
8211;2988
967;8807
6855;8171
9064;2176
3734;3877
8218;5163
587;9314
1150;3607
5961;1803
4483;1303
5482;9598
5973;3018
2084;3393
9998;4204
1992;2897
1766;4893
4768;3431
867;7730
6063;6287
7767;7798
9844;5775
2632;4977
2808;5344
4487;7944
7469;4912
121;2587
1958;1663
6367;6619
3981;6947
6452;6469
3554;2633
948;2161
4172;1307
6517;811
4859;6019
1144;9626
6212;6955
2816;4828
1972;4374
9726;3830
3941;9395
3991;4129
2110;6846
7609;3910
3769;7269
8899;6143
5051;8380
56;83
5893;9826
1587;1504
4690;8901
7390;5763
2077;9055
5024;5813
4215;7471
9324;697
4707;2770
3926;8690
854;8997
4502;3287
4348;7436
9539;9529
8678;3503
9358;2760
5548;2028
1727;1880
446;519
2899;4354
3085;6712
6218;850
1954;3622
6500;3178
3411;2627
7357;464
4872;2667
326;4915
8504;1575
9218;382
6545;3747
474;4034
1865;6890
430;3885
7735;9427
3446;2663
8870;9288
564;1563
1780;4278
7038;5805
6227;3981
8435;7592
1141;3267
9270;1047
7743;7844
5173;8042
9827;3028
9430;3428
6141;7928
7408;3104
2659;8561
7866;8639
3145;5103
8426;7669
4863;391
3597;210
2570;9123
7646;7167
7956;9738
1363;8848
3631;3905
1270;8074
413;1723
2217;4601
4209;4299
9454;5016
4087;9159
4241;4993
6288;8158
7862;8862
9851;1961
2513;4814
8306;9979
3935;2743
8455;9718
9908;5719
1632;4907
753;5397
5061;7462
2846;6293
901;4407
3817;3757
8433;7174
8576;5769
434;7370
8614;9197
8270;71
3111;7035
1472;2957
9321;4352
6646;7205
1410;7113
7446;3964
1489;9922
2040;8418
3907;5769
7008;2007
4066;3377
6929;2191
5984;5416
7057;8295
8606;3973
2425;1432
9508;7976
482;6305
6017;1004
5932;2725
8010;6867
5846;5132
3708;4685
291;9098
9621;4771
8746;4803
8465;1601
5404;8843
4367;359
7064;7357
2937;9123
5801;5422
4922;9628
4842;9965
6053;5705
134;5996
2415;16
2017;8888
249;6484
1068;8636
1401;7962
9718;5559
837;6092
6556;727
3377;8580
5374;3094
5962;3626
8476;4563
8366;7921
3389;2962
7020;1098
5333;8117
5392;108
9307;9012
2094;1582
5910;3875
5373;5697
3935;3206
4728;6820
9198;8658
6025;2815
2347;1233
9952;1882
4507;8135
4884;3060
8537;8794
4329;4134
5399;7075
5993;8549
9671;8492
4210;1194
5609;8358
9977;1405
5311;9252
3185;395
3528;3902
9732;9467
9445;2673
2195;4816
4370;3176
6459;4520
5683;3243
8295;3401
1614;7462
3266;1823
8476;1813
524;5228
1825;526
6068;2235
5688;4255
3887;437
9460;8864
4001;724
405;9716
4897;2886
749;7193
4096;7545
2302;5382
4673;2052
8269;7340
7421;876
1438;7162
8063;4230
300;1202
6423;2211
9823;8214
9767;5559
1563;940
5706;8288
8612;9720
944;1924
4458;2064
960;5839
1278;825
2268;3263
2383;7581
3266;7970
5607;7162
1923;2326
9249;3869
8519;3432
9881;9862
9505;417
1787;1438
4179;2598
1090;9481
9304;5175
3754;6238
8083;6420
5524;1739
8953;7901
3630;9695
6552;7158
4605;4505
1920;514
9918;8116
1499;2172
1305;7926
4803;4630
640;4647
8794;4567
4996;2120
2926;7837
6137;9430
2582;6973
5101;9349
203;4688
6773;6147
2803;7266
6373;87
1738;2456
9641;5584
5632;7489
1178;4885
161;4190
872;9413
9062;9801
6616;6467
9145;4106
2662;9820
8368;5703
6838;8955
112;2867
6597;3180
8659;7366
3415;3643
582;2767
7394;8415
4274;2325
9103;3231
5151;5382
3658;3209
7213;5335
2856;8945
2574;6715
4742;3747
9361;3687
6448;7433
4926;7369
5335;6141
5714;4760
5540;6880
7328;7804
1856;198
8338;7107
561;4232
9197;1200
7277;8709
3285;8858
5241;7957
511;8971
3458;7912
5203;9733
3151;3253
9063;6479
2606;7298
6849;5457
5108;9117
7172;8965
1960;9416
3248;5859
2789;9185
8844;261
8296;2858
2715;441
6404;767
839;9305
1363;4070
9471;7726
6791;8983
3639;2001
7846;6166
5077;7149
4776;5412
781;8470
9954;5395
8411;4795
3143;3181
7538;8224
5248;8445
6424;6769
9082;2890
2424;8304
6788;6229
388;6490
7456;6301
7499;1925
5233;2328
4872;4693
7738;7205
5944;7659
6957;6752
9170;3431
9972;1364
7898;1701
4818;8178
3404;7864
7614;9970
8015;8257
653;348
4037;2132
7596;3505
733;5593
1128;758
6018;8087
470;5444
1723;7781
1014;2336
1276;8184
5982;7689
6496;4678
522;1253
5808;6320
1927;2172
9647;5194
5768;6534
76;2905
6643;5523
710;1365
3998;9641
9937;2949
7979;6228
5101;3284
7654;4685
7846;8477
4111;6182
1128;7431
3890;2425
6539;9027
4039;1062
6540;3430
8644;3736
9945;6553
8130;6422
598;6782
6855;699
8531;3498
1539;8938
134;7606
2945;5964
8826;5342
5892;4703
590;7937
8147;3585
9336;1399
7047;8992
5500;2601
3797;6951
7588;171
9309;4416
391;1238
2182;2008
5522;8029
8943;6871
9602;1470
9053;6419
2955;2524
2328;1201
6958;5794
4393;7829
1359;4106
6622;988
3816;7211
556;6909
2656;2555
3275;9379
437;1141
9369;3327
284;6893
7242;374
9157;3668
2298;5319
2229;84
7256;2477
355;8638
289;6032
8283;2301
5006;9131
4668;8666
2371;2282
6228;9058
3577;2855
7458;7582
4641;3914
4187;2976
7991;2484
3978;4359
3709;4409
8860;502
3220;5442
6234;1056
1233;5918
1883;7348
7505;9444
5019;9822
8615;4374
9019;8939
1344;563
3081;6498
3490;2853
9433;4676
4994;7058
7914;854
2082;3853
4745;7284
9838;878
5151;6002
4046;3634
119;1050
1480;1276
6020;2021
8896;4318
2094;5223
4901;7413
4858;1341
5612;1873
391;1384
4545;9407
5143;5913
9536;680
3422;6061
4672;9700
5039;8717
3153;7823
9731;2379
7846;9187
5910;4636
9859;2779
82;7049
1889;5012
9796;8242
2331;672
7437;1461
8176;9436
4315;8530
9572;9737
4537;8192
6597;1708
5984;3140
9262;6192
1318;6703
5062;7332
5416;7108
4498;2147
6887;4526
3885;1672
380;3679
6536;4737
3295;2716
7900;7274
5207;7229
7626;7131
808;6874
1670;6855
7502;828
548;4591
6933;7518
5629;6349
5651;3490
3955;1234
3905;6086
3517;4925
3100;4641
5108;5671
1869;5384
3952;1409
7873;5852
4126;6180
7484;5740
1498;9005
8312;2369
6337;8580
169;669
5081;2737
8520;9486
1836;2473
730;8337
4090;6529
9475;1295
3858;4010
9585;7607
5037;9326
4290;1851
53;5856
4310;9962
4111;2187
8612;1300
3279;7502
8744;1089
3479;749
9615;1994
1010;1614
8374;8420
1698;9979
9576;2151
4954;4549
9228;3412
1074;640
2515;7080
4993;1736
9991;9858
7325;9364
4857;522
4041;1059
9592;2017
9408;6770
3616;1146
2918;9923
4976;8856
9850;517
8058;1731
6851;4162
6278;3187
8437;2729
3330;1083
7695;9449
9152;6994
4618;3685
7031;1216
8480;8378
6452;6735
6470;6206
2197;4847
9382;8877
4013;4904
6584;7641
2680;730
6730;2125
7751;6661
7702;8872
9396;6889
9129;621
1804;2788
3493;2248
8424;4262
7327;9588
9950;2790
2277;2866
4418;5820
6909;7363
5019;4417
4086;115
5330;8687
5421;2938
3535;8384
3891;8881
6901;9299
8040;1323
5306;9610
6352;2360
7906;4148
8373;9893
195;8729
9943;851
9632;1146
3497;1375
6793;187
814;3477
5556;9149
4840;1648
227;5704
9214;2238
9711;5682
9007;3021
8825;4392
3861;297
4705;5394
5143;6140
1859;3320
2087;8931
2881;4301
7944;6210
3113;4807
6112;55
6584;7336
7921;1673
7475;9244
8314;3728
6021;9260
3000;6018
302;4727
824;2561
5681;1463
8083;5894
1771;7288
7315;7438
2801;9702
1655;1167
949;8021
7333;1468
3850;307
1043;5118
6810;5884
6014;1574
7505;4903
433;5408
5917;7471
4546;9644
5099;6179
8242;9009
9002;7536
9224;7648
2017;9746
2945;6744
1178;6577
9455;3643
6021;9630
8967;5605
2989;4239
7557;8073
968;7421
6725;9516
2044;9852
5707;2283
6909;7642
3449;1702
7453;3882
7890;3662
48;4352
3850;4332
1793;6581
7202;4320
8522;6542
2262;3589
7829;2632
1353;2730
2491;2351
354;851
9723;3069
1731;226
9519;4644
6999;3126
943;8280
3867;6796
8706;2998
9429;8418
3617;8353
9662;3066
9561;9619
7245;4185
6549;9580
4221;7892
4089;9249
3414;9551
1617;8398
2652;3484
3069;5587
8834;4436
797;6552
4678;2464
9992;9268
9575;1278
8519;3774
7408;3780
8654;4942
8402;7487
6602;6769
9134;6884
2856;7486
4673;9329
1477;5794
9484;6097
9208;9896
9221;371
5935;2617
3807;9560
6506;7889
3320;176
124;6148
2115;9706
7654;8760
3328;1392
9021;4533
5465;4644
2617;4532
5127;5924
6105;4995
5094;2391
3371;1938
4940;3318
5459;5218
2199;2348
4337;4274
5640;7059
7027;2549
8681;942
4271;2660
157;6922
2250;9830
1728;856
8078;6751
6061;8044
9816;9126
7565;5740
9550;7435
7959;9887
3740;7150
2250;4842
8471;6561
6765;760
8502;8678
9845;4452
8098;1230
7488;6046
8482;6726
824;5586
1479;2691
9601;815
1401;800
6070;9822
7574;2382
6620;9986
8006;6992
4302;7694
686;156
3983;1687
2724;6214
3304;6569
9143;2227
6826;2000
2504;9368
7786;7417
1739;8877
1772;1730
3591;727
9239;2381
2882;4464
9321;8388
8433;3331
5639;7576
9957;4773
5946;9027
7471;2671
1339;8013
8846;9241
7505;2114
3027;7466
20;4082
6111;8096
8057;9094
5019;8812
6030;1488
8799;6968
692;8810
728;1493
1976;9067
5354;3975
9480;440
3345;3747
2926;1396
3609;6861
4126;3132
6527;4270
53;5603
4331;198
1450;2972
4682;7761
9094;4298
1309;5204
285;477
1220;2773
1461;9038
1441;7216
8889;4258
9481;8181
8359;1232
820;8346
6483;9033
3583;7050
772;9920
5269;5376
3017;8636
8907;9185
649;8313
6336;5418
3749;7202
4449;6158
1160;3534
6181;4380
7761;4180
1762;5106
6372;6448
7379;5783
2001;1355
7715;71
3175;1030
6079;9966
4947;2513
810;2200
845;5139
9513;6207
6513;8953
3250;2564
6061;7161
1329;2823
3279;6473
3528;3901
3751;5395
723;2760
662;2014
6723;76
6610;9619
3845;4731
6115;631
2261;4537
8639;6745
8462;2439
9971;5929
1344;1554
559;4972
5341;6918
3022;9663
8795;6545
7461;3353
2353;9527
2439;8634
6521;4262
1520;6201
9742;5658
132;9568
8347;6139
5155;4228
7567;1666
159;5130
8425;578
2456;6847
8768;87
4275;6740
7962;2473
9258;2546
3855;666
7228;2359
7478;759
4689;6747
5675;7245
5908;9897
4334;5269
9563;9066
5251;3039
8941;9427
7748;6691
9453;4384
2160;9350
5834;9850
6029;5926
2813;4650
5431;5254
7279;8183
3257;1608
6983;825
3436;8294
704;2136
5132;7108
7440;6883
3749;8728
7686;9142
6215;789
8144;278
6463;2365
2316;7493
3304;5805
3331;5800
6921;9531
2129;7769
2150;8239
3599;2231
6352;201
5692;5194
7253;4868
1646;3706
1387;7834
3454;6110
6967;4335
5512;209
5924;6964
960;4223
8622;8028
9667;4105
1328;2065
6030;4773
915;9454
6802;2125
3438;7746
4008;7316
3282;3385
5688;4726
7354;2808
7676;261
4468;8584
2921;7228
3486;3199
940;2840
5053;379
8946;9653
846;1418
7885;2663
1120;1898
1178;4666
6044;2389
1312;9535
8829;5230
9590;5556
8977;8365
7334;8686
2096;6318
2609;8638
8693;7882
5165;9095
8119;9864
3686;7023
5383;6311
3678;5046
7974;3044
1371;5150
7005;8053
8842;1614
2003;9308
8265;5994
1502;2902
8644;7210
2226;6070
6687;5380
8088;1624
4593;8877
6504;2565
1411;296
3586;8294
1403;8486
1669;6669
2328;637
2297;9423
8973;499
5368;1965
2382;6280
363;2410
3239;4467
8826;8855
8629;3921
8114;8378
5029;7922
5267;5992
6777;561
6372;6908
8501;7828
1215;830
2049;3092
5182;2730
3273;1261
407;588
1735;5857
5960;6895
6849;8470
2535;7396
7267;633
514;7479
6442;4001
1556;3935
6183;5929
2943;7352
1786;4021
781;8349
6823;5019
2859;9049
3057;545
4486;9712
1112;4629
933;9292
482;5684
8260;7853
3286;8684
233;8187
4760;1619
2822;3824
4899;4039
9323;649
9881;4440
8532;9785
8977;7594
5616;85
2448;2520
317;9620
8665;6723
9942;6881
4107;2598
5257;4056
8217;7418
5815;6725
6188;9219
7530;6574
6677;7071
9374;6313
8148;5705
7964;8915
7121;1301
8482;6463
3931;7321
7921;7451
6780;6749
1937;5200
2837;9797
9724;4225
5931;4241
2307;5822
4006;8869
8369;8945
5877;9252
8328;7515
6118;9010
1746;714
8888;9066
5371;8526
6409;2003
9089;798
5444;8557
4935;4467
5606;8536
9885;208
6637;9008
6658;6753
7880;8468
7973;8392
2082;6872
8807;8746
7426;7938
8057;1832
6182;1891
5739;9618
5763;3980
4346;3817
8114;6499
3296;8492
6355;9809
3579;9201
3370;905
5618;3881
5666;6437
7127;420
7216;786
9353;5989
2239;8788
9419;3572
2920;6993
3734;1881
7903;6981
2415;5826
89;9189
7499;6092
7712;5925
8352;7983
988;7834
6141;1697
7722;8920
5481;8438
5169;1430
5450;9377
2192;3397
4043;7368
5276;8432
9840;4540
4331;9490
2179;2412
9377;5761
6416;5013
7175;4578
4036;9642
7669;8301
8283;4362
3707;9480
4766;6110
3910;6326
3053;8368
7815;4459
9660;2768
4427;253
5035;4701
194;5698
7143;9031
64;4629
2089;8338
5791;5419
7847;2801
8901;5794
605;7748
1893;1297
4503;2212
109;97
4608;9403
8467;3350
9864;7906
1796;2113
7437;638
4840;8948
2398;7115
8185;4751
7002;3409
9338;9130
1965;3352
3975;5677
8070;3977
970;1865
218;7982
6255;6973
7583;6077
4768;450
2946;2485
6795;7425
1456;7583
4877;7683
4084;2674
89;9380
3861;3239
2011;8994
3626;8679
4987;4567
2447;8465
4354;187
4156;6977
279;5799
5490;1802
3530;7965
3233;3255
7072;3983
9443;6020
9729;3892
1353;7398
3313;2334
7867;433
2598;4970
7709;4390
8322;2222
5208;9462
6990;6476
8491;7423
7667;7551
1411;4977
5189;5249
4928;1989
1252;7104
5843;2474
9692;4061
830;2263
9950;6748
1491;3599
3164;262
1825;3545
8656;5925
2931;90
4663;4350
1040;7071
6083;5340
4026;6650
3736;6626
8444;5966
4182;5260
3841;2802
6490;2614
3578;3635
2516;6337
1749;6266
234;396
3900;8384
5445;7371
5199;2890
5801;5529
3478;551
2487;6926
6132;685
9149;1713
9246;943
4679;8213
4518;7986
6333;7867
4560;1870
2319;9155
9979;8300
8472;4787
2270;4555
1924;2047
5001;6857
5786;7035
2048;9222
2755;9722
5677;6429
2323;8243
9187;6641
5766;7649
8497;2422
5473;471
4603;2419
332;3857
4118;9820
6865;813
8264;7843
6596;1123
1632;6986
3755;886
774;3530
3797;8313
9278;3877
2507;7384
344;4717
7426;314
94;4711
8262;4360
4859;9435
559;8455
3471;7616
7402;390
1293;3398
7230;5830
6093;6308
1911;6293
7178;7858
8178;4454
8250;1341
7228;1566
1359;9246
1837;3650
3973;953
7705;200
3768;1871
5903;1579
5993;4059
6260;9042
6440;7466
7352;4350
8995;435
7329;4362
486;7881
1235;9592
7132;5610
4729;4798
6275;9702
1123;3924
4287;532
8523;1332
6525;2087
6540;6241
8062;8526
7479;7470
4543;1614
5243;1201
952;4601
6260;5286
2348;419
696;9864
4708;4622
8898;5497
5877;6428
7594;6871
6340;4413
2700;2227
7035;6952
782;6086
6753;1308
9152;5632
4790;9461
5429;9115
5489;3200
941;8045
45;5793
8801;3618
7538;2628
6698;1801
1524;8624
6492;823
726;5932
7551;9424
2385;1450
8451;4161
4617;29
2097;9309
9799;5904
2678;3431
4436;1828
8900;2602
2206;2674
6922;1413
5981;7854
8103;9402
1492;4819
1234;2345
9989;4083
6270;4983
9800;4779
6746;4170
6951;8563
1049;9179
3213;8851
8495;8976
5836;1828
4763;4602
7019;5439
2677;8536
2720;2675
8525;1858
9810;5854
1160;4370
7768;9314
990;2434
6108;8959
8613;4232
1578;8449
8333;2390
9781;3444
111;9448
4337;7325
4559;2567
2945;4026
9555;7
3786;6275
3748;3425
7599;358
1768;6835
447;1814
8340;5216
9704;9934
3612;3147
1121;2807
50;6631
7953;8792
1983;9305
4099;4769
2530;7595
1928;6286
9033;8091
2086;9813
7361;4369
6907;2724
7471;9814
1309;2306
7500;7634
5013;1173
1290;9148
7778;2755
4758;6706
4963;7197
9785;8146
4188;4980
434;5557
5113;2833
5193;2309
3428;4094
686;8798
7050;3594
6828;9153
7183;5339
758;8300
9451;9778
7047;1168
598;6323
4653;3605
4418;5882
6903;7599
6485;7684
9355;1793
1052;4406
1844;1944
5046;9728
5214;4977
3450;2833
300;4606
7598;5077
6571;6082
2887;5084
504;2596
5256;9871
9250;6075
6388;1224
3428;702
6077;8556
4008;8311
6426;1714
2141;1053
6625;9803
7532;8156
8970;5008
483;469
6428;3591
5112;8552
9612;9765
6378;7534
6326;2003
1569;4697
9989;5475
7653;3792
4166;8760
9543;3484
9247;7794
701;5978
3825;5045
6757;5886
7754;7368
4863;8714
6048;1651
6337;2932
2793;3434
7845;9565
2063;9987
6808;8451
8476;5997
63;886
3462;6992
858;4245
4582;2864
8227;5354
4310;1489
4470;5848
1564;319
1050;4624
3981;2013
536;9541
1445;8751
2412;3005
1672;8664
3536;3796
6830;6990
9833;567
6087;4020
4399;788
2756;1674
8622;2618
6270;642
7143;6169
8618;408
4531;4931
2050;5215
1390;7747
9886;23
284;6665
5084;1872
7363;6236
1842;3716
3820;5372
3977;9724
2472;3762
73;3366
8613;1022
9450;2148
1074;8251
4932;5797
8909;8446
8027;7866
1528;4405
9705;4309
5238;113
5235;6357
7130;4397
4706;9232
8059;3671
1780;2639
44;3968
2022;3818
9867;1140
8670;8959
9816;2084
8148;4244
8645;9194
9784;3437
586;4813
4223;5024
7987;2431
2841;8190
3589;6595
6103;3615
1752;4055
2255;1993
4057;4563
8995;505
3610;877
9855;4995
4113;4080
3883;3579
4310;2055
1944;5550
5760;6156
5455;8041
2050;3477
3667;1684
580;9911
3791;5693
3771;2222
4175;2253
5228;5746
4499;9850
7748;7983
8561;5315
4325;7383
4559;4686
323;890
5032;3773
4864;3452
3576;297
2125;7643
8311;808
8719;1764
2693;7276
1643;360
2728;159
2357;1965
5866;7078
6486;5056
994;8779
5366;4702
745;6978
5194;9183
7122;1908
1890;8001
8881;892
4953;115
4474;3106
1576;3981
7484;9876
3051;9030
2414;4273
9138;1609
7469;8569
2445;7061
7544;3217
4133;3627
4995;6378
4275;3171
7992;8784
5057;8331
6247;4697
2690;5634
1738;6109
4356;9369
7679;3945
9824;1554
2450;7013
3460;9209
6433;6710
1283;1330
8803;3093
9438;4451
8181;5797
4997;7483
5769;1546
7377;3648
2101;8458
8776;9754
8839;6257
5084;791
5219;598
4431;900
4664;9198
9216;131
848;7252
8814;79
4096;9672
4436;497
8338;8112
4619;3269
6087;1446
9702;9779
3877;9393
6304;2604
3444;308
8284;2733
4565;5842
8981;9062
3903;7089
612;7775
485;9162
627;5414
2501;3688
1565;935
1996;1643
468;8842
3728;2138
6291;7623
1982;6303
8888;5145
4427;9260
1160;5381
5278;7308
6709;8951
927;1928
8968;3275
4;6973
4204;6842
6381;504
9969;6108
8022;8136
2688;2805
6781;463
2855;4096
4259;3172
4033;7931
6643;4761
2282;1189
7113;3474
5974;8776
7814;1980
2032;7692
4670;5646
3541;1281
7402;7786
5435;5353
3954;3236
9479;9692
3287;9745
7126;5580
2948;5271
9006;2372
8203;8033
2761;3957
7604;5398
6756;8928
5856;7074
5779;6715
8566;7912
6266;5569
5064;5662
2822;7321
4844;9470
4845;8102
391;5580
1903;3867
4153;7760
9201;4488
252;1279
9937;397
2152;945
9645;1369
5963;5645
8723;7853
5304;4138
3257;1474
7725;9393
994;2804
4590;1723
8837;1328
5993;4126
615;4612
9798;6795
9011;1172
9240;1607
3556;4209
6613;1515
7338;1512
1563;4273
8722;141
1239;4669
766;3204
6124;4534
251;55
9779;5218
297;499
2897;2895
5375;8275
2097;3128
5198;8949
1703;7440
4455;2651
2387;1273
8631;2608
4000;9726
2284;6327
1182;4690
5031;7418
9409;4607
2261;2606
6021;5993
2100;211
5463;4045
7537;3569
512;8214
2759;5238
1535;7436
5741;5614
4006;8875
4918;2633
436;3499
6374;7576
6613;1575
9401;5732
3663;1261
2492;9598
6789;3881
8904;6663
8757;170
756;3411
1219;2810
3299;2107
9761;1902
6475;7194
9220;1699
9177;3666
4253;8858
2722;668
6394;4742
3952;9734
2927;6938
5142;8598
4758;7986
7386;8291
200;2592
6537;3365
9068;8083
5895;2538
6818;6710
7851;9760
1585;2574
7475;3783
7949;376
4627;7688
9981;8007
7607;8488
2725;45
572;924
5639;4666
8994;8901
3719;2150
2300;2590
2049;9210
470;9183
7327;9714
1880;531
5554;9003
2950;1433
8544;5981
6266;8233
3138;4435
2756;8548
6094;2613
5238;9464
4521;8007
5186;3310
6399;2491
1932;7291
8253;1484
3661;5626
7368;9667
2570;647
4060;4900
2315;2330
5475;1491
4499;4101
6147;3698
2374;6469
2102;467
4122;9001
4706;2804
5176;5474
7632;5864
8842;6662
5335;8917
7186;141
4259;7632
9610;6741
8609;4811
4847;8832
1001;7657
3178;6492
4527;1923
9639;3810
6882;5892
5663;9036
9050;38
6178;9124
766;1410
1525;1333
2476;5344
8714;1953
8825;906
4548;5010
1865;648
3883;1828
3099;9705
9950;5706
2239;4051
56;4651
7149;2798
9190;9106
3796;4857
6151;905
7260;5950
1609;4322
4850;8022
5238;9997
180;9428
9477;7789
2738;913
813;5126
868;9376
5567;3339
7407;8685
6070;5599
6233;4384
4853;6612
4917;7052
9039;6006
3329;7279
4420;4477
580;3740
8937;4181
2999;4700
8210;2623
3971;2430
1576;2332
2429;9468
5692;6979
524;5451
4188;8297
2598;3308
6054;7136
6951;4035
2523;6298
9096;9957
2034;2427
209;7420
5552;9138
7293;1203
9971;3839
2231;4572
5651;6239
5322;875
5202;7407
5168;4841
4600;4439
871;4351
4380;7267
4340;6323
8256;966
246;3600
8834;9027
8655;3219
5249;495
686;309
5569;6618
695;5989
7555;708
9410;2129
5001;8289
1216;577
3295;3273
5367;9582
7032;9922
5266;5507
4615;9646
2171;3667
9568;6306
9679;8134
5994;3626
3190;6701
6082;3566
4137;3838
833;5058
2279;1443
1322;8379
555;4459
6681;1614
6114;6028
6761;2166
7994;4741
1941;8059
6623;4757
9905;915
2848;8105
9419;4916
4480;7288
4039;3791
6518;5511
4557;946
7137;1249
7533;6211
5294;3717
8704;6355
7377;5833
4297;5540
9701;1711
281;6145
867;6398
9493;73
2995;6618
9191;5518
3669;2621
7103;4469
1070;2862
2316;1755
3214;5242
8448;7300
8481;871
470;9476
8687;8932
3278;8875
7824;4122
9640;8699
9325;1334
7513;14
2182;5813
1881;7613
1585;807
4249;4922
2890;8937
3711;4475
8664;7917
7131;3839
7312;6076
2360;5550
8362;8212
7688;3624
3890;7670
2716;8505
7733;6323
736;6937
4167;78
335;3172
5544;3929
4448;3184
4023;7204
8351;4092
5967;6613
4201;6893
8843;1985
8651;1759
9534;7177
1782;1675
9858;6524
150;1972
9787;5423
4082;450
1361;2163
9541;5215
6626;6957
7851;5081
1050;3277
2345;472
9824;6055
9643;1100
8209;1093
4635;400
8678;120
2524;5681
6957;6303
8270;7266
6295;5783
3675;9520
4297;1776
5001;1567
9455;9169
9465;5795
5181;9150
7298;7741
7561;5391
7109;1866
9329;5598
6238;3894
6632;4783
4512;1874
7020;9556
9329;4948
6828;5936
2401;916
3587;6691
3596;1124
4466;8065
5339;3944
4835;9920
1803;6176
2030;7738
730;5064
8126;9751
2141;2299
2125;7525
7415;5398
6328;3738
4259;1107
3867;6592
7962;163
4389;6349
6959;2607
2687;5781
1244;8147
735;3021
5436;6588
7009;2218
4420;9229
8233;4708
8396;3318
7801;990
5902;8119
1941;1691
7907;2994
9461;3923
3434;4983
3369;7962
7341;5828
3012;8008
3856;6104
3492;9949
5253;7203
5099;8503
3683;258
9214;5888
5546;4807
8748;4270
2076;8959
541;4623
6782;7159
4367;5360
325;1246
8164;5118
5984;5442
1976;5406
4435;6161
3693;490
4780;3052
8131;3854
9918;8605
7270;2824
8247;9788
3518;5573
400;6710
9770;7582
9301;85
9709;7879
4130;1414
9341;8883
3985;7214
6033;7522
5009;1386
4491;9452
5507;7853
58;2663
7231;8979
8453;1516
7382;3957
7658;7387
5137;5358
2063;7440
8529;1320
1125;8796
2387;5492
4868;1404
5670;6773
6326;9204
7054;6142
6690;5890
886;8396
2364;8491
1733;2541
4382;9284
4685;5693
9731;4150
274;1910
992;3368
7427;9118
5417;9057
5237;4473
7070;2014
4461;877
5969;9518
2680;5156
6338;4837
2824;1429
1958;8615
3356;1604
455;2124
9859;8572
9842;2411
1958;6708
98;9818
6594;8565
9702;9028
8478;6286
2092;5835
1244;1170
9819;3164
8304;5094
4807;1529
673;3039
1577;1064
153;6824
6559;4561
191;6369
667;3498
3427;6259
4235;1995
4512;2223
3062;6785
9119;4243
1867;4882
5240;439
6748;4393
841;8634
1387;8138
2730;542
2686;4161
5107;6905
286;2000
2678;577
974;8688
2442;8554
3402;3843
290;3259
695;8909
3443;7985
8576;1664
7374;1380
4427;3419
6379;1034
8374;2999
227;6866
880;8565
5437;790
2644;5581
8641;408
1650;6866
1214;889
9086;8520
8907;1079
567;3773
7559;6934
1607;5292
6144;7853
6593;5340
1364;9210
8655;2337
3827;7432
3779;1812
4407;2362
6272;9535
845;5309
4228;4694
8843;189
3095;1375
8958;9469
2557;7336
461;6232
7026;79
5988;8644
2829;1553
6282;3302
5794;4496
2618;9544
1438;5354
5629;7638
6150;1034
3121;9970
1910;9281
6245;5831
8901;5429
2897;7222
113;1429
9581;5197
9533;6643
8157;3723
837;3667
1836;753
6628;6668
5607;4272
9236;4104
9872;4472
2814;2544
2480;1833
3093;3343
3585;4964
5473;9354
9782;1278
4401;4555
8852;8264
6928;5513
4081;3006
1216;9922
7635;2874
6346;4123
5713;836
3285;8473
4368;4743
8070;6683
3739;1102
7396;2871
208;333
3619;7948
519;2359
953;5170
9257;8437
7074;3234
1240;7613
4736;4103
3368;3924
6082;1935
6263;3489
8327;8913
4619;9064
3203;3570
6633;3252
4182;7299
7069;600
4821;5118
5603;3099
8820;7482
1892;3231
7358;963
1530;3629
2112;6957
2492;2675
3002;9212
9985;907
8135;2958
8704;3968
9693;681
5438;4041
3588;2168
1671;3167
2575;9355
5368;8683
2223;9735
3520;3125
6655;5583
2138;8361
6281;112
8410;6490
2890;5822
502;8068
8412;4763
4082;1613
2427;5202
1092;7019
47;4292
5489;9500
6226;1714
2727;9981
4698;5008
4627;2504
9792;3297
8905;9102
7178;2485
3154;7892
5238;1627
6328;642
2195;7149
6905;1975
5411;8883
5809;3536
8313;9425
3905;2947
7310;6293
8416;9183
5754;4498
9979;3110
4510;5738
2199;4387
9010;9208
8565;3636
833;8205
7359;1871
7749;6141
3820;7548
9986;5388
202;5253
1990;2428
8641;9065
8388;3210
8741;7930
18;3316
1681;9988
925;8567
5284;7758
33;3036
9976;6284
1846;3084
3870;1958
8976;8008
6276;540
5536;154
2901;9152
4552;9930
2688;8439
4386;4082
5818;7955
8888;8778
4730;9933
3495;2585
5185;4014
4823;8267
2396;8276
4419;6466
8007;9947
8307;8809
7333;2570
2706;2742
2671;5047
2876;5502
7739;2004
6434;6
323;4213
4680;1192
5073;2437
5479;7325
6062;7983
9058;7157
9185;8500
3751;460
7783;8113
2109;6427
966;6865
9112;1689
3034;5590
3258;7314
4122;8871
8199;2033
6730;518
7285;7155
167;3138
5901;7167
5079;5773
6790;8836
3244;1367
1690;806
3572;8843
8580;5117
3874;2959
7552;1863
9386;8784
9947;8310
3227;6645
4729;4150
1059;7678
3310;5338
2028;9765
9015;9931
768;8533
217;724
690;8383
6818;1107
7099;4023
8154;2541
9785;3889
6724;4318
8617;2993
6163;8867
2444;4250
3787;8758
1117;4127
7739;4782
2796;585
6264;7991
3905;8717
1966;2449
7040;2221
7037;9556
2943;6921
6397;9314
6262;5892
4436;8644
1227;4448
7631;1963
2590;7250
9691;4648
9248;9063
8074;5684
2787;5355
748;1870
874;8839
9862;2259
5893;3292
4664;8164
2520;6572
9413;1042
4012;602
3317;7823
5951;7262
8597;847
7841;5672
9649;7484
7570;8080
992;2693
1049;8763
4181;6346
9537;2736
4206;5939
113;8818
4011;4489
586;4665
1737;2863
8692;9749
9033;5583
6874;5937
359;9199
8166;4328
2600;2777
5723;1306
1491;699
8423;6378
6359;9059
7606;9326
7550;8233
5506;4406
1477;5866
4228;4924
6744;6490
5212;2355
1000;6249
3050;371
2292;3800
4257;5636
552;1367
1113;4035
4542;3122
3095;3100
7120;1610
3510;8868
6972;6750
7007;8118
8136;6134
4358;4997
9542;9751
4548;4432
5594;7099
625;3373
5373;9694
4960;4945
2415;7398
1657;9864
9242;2707
8654;4102
807;3166
9763;1723
8854;8389
7359;7043
4823;4864
9706;837
2374;8628
3045;1178
1866;3217
7450;671
8204;7861
7210;8354
345;8800
1023;6324
5459;4812
4650;8281
3232;6564
8836;9612
6151;8249
8293;6373
9723;9089
3316;3590
2524;1802
4220;1675
9756;4845
205;3420
5541;5376
8458;3038
8581;266
6379;3019
2988;3198
9650;4204
1139;6917
1523;9377
8175;1048
4214;970
8460;7531
1539;8975
2710;7691
3079;6086
802;7237
4019;3213
9318;8078
1605;65
4776;8731
8634;2259
3197;8325
6793;8555
4166;2710
7813;9240
2864;5038
8378;9441
6681;7331
5531;9176
3986;3992
2911;5353
1357;3015
4582;9591
2171;5736
2435;9726
3845;1349
5185;2195
3179;8139
1851;7082
9309;9411
258;7563
1558;8422
1578;712
5149;3277
5239;7220
1149;9721
4605;3395
8299;7018
2774;53
3465;9716
9544;9349
4296;5973
5157;2452
2405;1362
3780;8048
7881;5573
9842;4107
6278;8269
3322;3097
7329;9531
5902;3865
628;9757
8450;1802
7246;3662
1775;2564
7819;3144
6772;3626
7070;4132
7150;2268
1867;3288
7780;8172
4983;1434
4348;3796
9498;1929
5517;5872
9472;3861
7044;6984
896;1879
8447;7035
3267;6785
6692;567
6132;3575
8137;7436
6879;6513
9486;1122
5739;4067
851;1081
1456;24
9233;2971
6422;954
8648;3346
3209;4366
3967;3451
5362;6309
9110;123
4098;2008
6670;491
9106;8157
5266;1162
6043;935
2944;1878
5519;9505
9849;8255
8356;767
990;8150
9759;7506
464;1436
635;8705
1744;3525
7774;7756
4776;8860
5850;1586
9520;1764
3275;1298
7322;8521
830;2831
6015;6410
6680;4346
2045;2475
3906;5585
3024;7295
6998;3279
7155;6736
1900;5828
1716;7731
122;9950
1412;2502
1225;1759
8831;9316
9527;4834
3442;6879
292;8225
2639;3745
7827;8068
8178;3772
2964;7502
4014;3563
183;915
7036;8092
5291;204
483;6254
3035;2689
921;8963
230;2609
3593;8597
4133;690
7667;78
7601;9210
2452;692
2339;3175
8016;7869
8989;1747
8790;1570
8190;7917
6730;671
9828;8544
1402;812
8682;1378
7946;4516
3389;412
314;3081
2267;6049
6369;3755
3893;1927
3527;4979
2525;5982
8406;7136
8497;9356
1693;6151
1501;3065
9845;2536
346;9039
8577;9052
6174;9070
9183;5987
7451;2492
7640;4279
4038;1021
8191;3167
4600;7044
7623;888
6274;9915
3839;4030
8027;3278
2455;3619
9482;5336
8161;3720
5082;3081
3356;1426
9463;1006
5178;5452
3613;4574
3476;4245
3010;8802
6469;3513
8290;2736
7927;7390
6200;1293
9500;7046
3607;6978
4558;5524
152;5317
5309;7791
5770;9493
3324;581
7742;1659
4645;7437
8222;638
4601;589
7231;8347
4172;2754
8006;158
9295;8779
1300;7624
6829;9165
2711;5539
6108;4914
2467;9119
2951;5934
222;1261
3798;3242
8348;4271
1264;8614
5997;5271
8791;3989
2754;9532
1330;6936
5101;1432
1002;7807
1101;8398
1573;8798
8727;9266
3206;5096
1089;4800
9466;3515
7418;4758
1819;4596
2158;2898
2990;9996
5734;8522
9437;8193
9669;820
4963;8015
5580;116
1981;1318
2307;8371
4348;3236
7916;9793
5812;890
3662;1271
1128;9157
5094;1477
2650;5179
1493;6949
3861;1638
8526;3259
2663;2536
623;9429
1519;4176
8934;4191
8571;8385
7955;3362
3692;4597
8879;8679
6119;2397
591;9722
5787;6314
9832;2253
8765;258
519;8224
8306;9832
8472;5012
6945;6947
1845;3998
1800;2657
9479;1533
4757;941
9063;8543
1622;8272
4516;8520
9418;1252
7316;7531
9056;7337
9643;3999
1348;1717
8143;463
7945;6804
5888;4340
5234;9459
6677;9749
8396;5070
196;7897
4919;6919
8780;9229
1692;3871
6490;6547
7470;9387
9084;4684
2988;56
9061;8930
4283;2445
3417;1379
904;2914
3025;1674
9569;6219
1593;6159
5617;5225
9067;7391
9071;5880
9036;4166
9549;8676
2191;730
4375;291
8228;2689
7256;6841
6725;6292
654;3213
3439;7202
3615;1350
2280;4675
8201;3995
4728;7122
1924;9449
7911;5456
611;7156
9695;1330
5990;3582
4199;8385
4940;2768
3943;5993
2840;6183
5471;6593
1731;2068
3750;9723
5129;5326
6904;8088
5211;5193
6904;3616
4860;9414
3728;4347
6558;477
201;6210
2517;1548
2245;7274
5549;7198
4557;5896
8206;6763
4918;8327
8471;6209
1236;5829
3914;7782
4224;6092
2628;5358
5153;8869
8483;7453
2528;1107
304;9111
3734;2603
9395;8541
7676;9209
7530;4296
2311;6970
7986;4024
6556;7207
5509;6380
9531;9548
7172;3576
1349;7159
5047;3189
8742;6026
3296;4387
5679;8049
6851;5495
3854;5904
6210;6987
415;6157
3027;6373
633;5974
4164;9243
1337;7891
7652;3748
6912;6592
2635;4187
3383;1401
6754;3049
7701;8312
8682;9843
8735;5735
561;9374
3657;8899
4923;1716
8429;8842
3370;1094
3910;3268
9752;1105
9755;8212
8876;9291
6705;1391
2882;4909
4143;431
1337;9970
3848;1703
7830;5081
2782;8449
5396;8432
7424;52
5427;8410
9687;7849
9937;7739
9771;6733
4975;9775
4444;5904
3816;5683
182;6642
2137;4548
9367;9709
3811;7170
4312;87
5172;8313
8271;2183
7663;1427
4767;4299
3607;4550
6622;7230
7535;5963
3853;8182
5955;3466
5259;7834
1763;1678
1961;5344
5582;7621
2427;3399
5237;6057
7561;2933
6312;2524
1357;5111
1260;3830
7286;6338
1890;2863
3102;601
256;7054
7085;2281
5886;7519
6864;1726
3158;8995
7909;5343
1157;9053
2547;1726
9835;8739
1925;5457
458;5801
2739;567
5418;5954
7715;6422
2310;7269
3882;9755
9857;7697
5457;7962
8723;5969
8826;397
8583;1701
5541;6368
3875;1372
5509;822
4613;3039
6624;1285
5354;4147
8994;2528
4947;3593
1575;8647
2058;1331
6576;5755
6622;6227
2298;2338
5357;5618
8194;8476
261;8099
6919;9580
2621;4410
6871;5086
1477;9999
5293;7623
4711;6807
6419;3586
2979;1154
1320;1744
1541;9198
6115;2546
2736;1395
3053;7123
2302;2612
4594;1639
6044;5110
4056;9605
9463;7497
7678;2033
1855;3891
2003;2921
8140;4092
7366;5432
6212;7294
2994;2372
4939;9055
1710;3055
8151;3625
2556;7545
2873;1506
7815;8337
5912;5161
6811;9080
1458;4159
2675;9652
3815;4731
9793;7039
3582;7699
9080;1834
2654;3054
5376;904
3262;9070
6316;7794
8956;8773
4805;3762
871;6843
7894;4022
963;5565
3296;5691
4957;9317
1019;6255
1685;3281
1692;3913
2241;3532
5039;4109
1868;2493
1632;9726
9905;5840
8597;5964
8245;4388
5239;4780
6760;7222
7709;7876
4911;410
2771;1718
2412;8983
9493;2833
8170;8567
4243;6722
6014;7028
8791;9113
7716;5822
3468;4019
8704;5341
7385;9060
9491;8473
5514;4868
6353;1871
8061;2042
8077;4941
1047;6069
1686;2457
8219;7910
8974;7884
3532;5552
7423;976
290;9709
3603;5043
7774;5059
4498;6371
8645;6972
2407;742
775;2471
1991;9722
5267;3351
3886;2447
8384;8830
7856;7023
8872;4894
9916;9305
3709;7566
2051;5842
4736;7750
220;2078
5781;5998
6180;6502
4937;6591
1324;6383
9437;1633
6228;979
1245;7549
7857;3645
9896;8299
7518;5151
5388;1934
6552;6695
8019;9664
3466;2588
3913;9558
5791;9409
4710;166
2253;523
7380;2912
6053;2313
5453;5906
8007;1193
6104;6027
9101;8563
8446;531
5600;4189
7183;4271
6291;7216
2321;3655
658;7997
25;3901
8814;3208
1919;1853
8893;1391
113;2634
5257;5943
3097;4769
1347;7835
3229;5050
4316;928
51;1375
4663;8562
4864;9091
3019;1342
1120;3918
7970;2494
2037;2473
3306;8975
1555;9604
500;3676
7262;270
2322;6434
4233;2545
6522;9366
6872;7484
4277;5047
1778;1020
6709;4470
8437;2881
4214;5363
6085;7572
7527;469
4508;2871
6548;9673
3708;2010
2755;9507
2397;6743
3723;8460
8095;9816
3743;6809
2236;7028
2831;5196
2149;1032
7491;7087
8029;1280
564;6399
7083;7141
4171;3099
8935;4074
9330;6361
6056;5999
8181;7023
501;498
9893;8464
3561;7337
9340;7824
8068;4937
8394;7501
4037;3897
3313;254
7092;1435
8092;9908
5695;5718
2891;3668
7585;4422
8693;1329
8018;7625
4195;1318
2425;1096
8598;3421
3925;2455
4443;3279
1743;9254
7944;4325
70;5062
344;8678
8122;6853
2770;9696
1250;4632
8754;5395
9838;2095
3172;3733
7405;5362
3666;7889
1862;5328
796;2097
4179;8025
6164;6320
6853;6540
3512;1151
529;7475
6419;2631
869;4753
7638;427
9345;3616
9338;1750
1020;8089
546;7730
9568;5893
7972;8582
4798;5807
9016;8805
782;3824
1281;3948
3295;6098
1183;5970
3749;8627
5348;5146
3050;5924
2429;2633
2871;3471
9663;9279
3746;1698
8075;3115
9052;2403
2558;39
1485;2083
8221;9673
3941;468
2414;1087
9860;6705
2580;1160
9022;92
3723;1714
3564;7073
5680;223
5542;1232
9622;2928
1754;8489
5250;8449
3744;5365
4989;4648
896;4236
9179;1394
2380;5828
6712;7157
9317;5839
8870;7879
1991;9569
224;2480
8202;5683
9357;493
7915;7835
3915;3861
6245;784
9032;6703
1522;5838
5511;3990
7693;8989
4334;2495
622;3945
7032;5148
6007;1410
7248;2942
2557;5423
7426;6944
7861;7365
5973;6636
5920;8282
4478;9786
4717;636
1601;3385
9408;1254
105;4781
1687;8305
6172;7089
8760;6450
5622;3193
5925;5983
9937;8208
5277;3725
6103;1155
9259;5710
8204;2752
1882;4308
5415;7777
2311;5308
596;7179
5218;3709
6042;7326
9805;491
8091;1139
4733;6473
302;8635
9311;3515
5681;2470
2263;7794
2041;7409
8144;4645
1014;1359
8050;9546
430;9593
5640;5252
1863;3077
1711;754
9945;6463
546;3806
7771;1217
9104;5066
3144;4606
5739;8573
3735;5831
8584;238
5337;6447
5009;3284
6268;3398
2617;7193
2762;9504
9132;4587
4695;8018
3242;8689
8341;5011
950;2561
3045;5764
2332;115
1656;9094
1701;8073
368;6596
166;7493
2212;2152
3307;3284
9854;748
8253;180
7609;4611
3867;4079
9579;9017
4908;8348
718;9715
6059;5720
262;8850
4549;7758
2464;6520
698;5499
7849;651
4194;6867
9312;8746
159;8697
1303;1234
3122;3829
7067;7670
8915;6618
8441;3806
4203;3398
5085;9698
879;8011
5163;6431
7837;6298
7492;1804
5827;7641
5943;3355
2007;6081
520;487
9572;8323
5908;6135
4415;1030
7559;2412
5171;5196
7386;3963
5167;1123
6024;7403
4844;3522
6247;5112
998;2623
2642;6944
4868;3815
5908;3917
4506;5307
6259;3867
8147;568
9340;198
4369;9898
9765;1368
1697;3387
1947;551
5034;5719
5251;2044
8777;1810
639;3408
6838;1120
8982;85
7875;7596
6986;2285
47;1710
5300;2308
3296;788
4771;4142
8796;3944
1056;6189
4560;8325
4825;2251
3385;4082
4669;5552
4356;6500
2462;5497
